t,true_label,pred_label
0,0,0
1,0,0
2,0,0
3,0,0
4,0,0
5,0,0
6,0,0
7,0,0
8,0,0
9,0,0
10,0,0
11,0,0
12,0,0
13,0,0
14,0,0
15,0,0
16,0,0
17,0,0
18,0,0
19,0,0
20,0,0
21,0,0
22,0,0
23,0,0
24,0,0
25,0,0
26,0,0
27,0,0
28,0,0
29,0,0
30,0,0
31,0,0
32,0,0
33,0,0
34,0,0
35,0,0
36,0,0
37,0,0
38,0,0
39,0,0
40,0,0
41,0,0
42,0,0
43,0,0
44,0,0
45,0,0
46,0,0
47,0,0
48,0,0
49,0,0
50,0,0
51,0,0
52,0,0
53,0,0
54,0,0
55,0,0
56,0,0
57,0,0
58,0,0
59,0,0
60,0,0
61,0,0
62,0,0
63,0,0
64,0,0
65,0,0
66,0,0
67,0,0
68,0,0
69,0,0
70,0,0
71,0,0
72,0,0
73,0,0
74,0,0
75,0,0
76,0,0
77,0,0
78,0,0
79,0,0
80,0,0
81,0,0
82,0,0
83,0,0
84,0,0
85,0,0
86,0,0
87,0,0
88,0,0
89,0,0
90,0,0
91,0,0
92,0,0
93,0,0
94,0,0
95,0,0
96,0,0
97,0,0
98,0,0
99,0,0
100,0,0
101,0,0
102,0,0
103,0,0
104,0,0
105,0,0
106,0,0
107,0,0
108,0,0
109,0,0
110,0,0
111,0,0
112,0,0
113,0,0
114,0,0
115,0,0
116,0,0
117,0,0
118,0,0
119,0,0
120,0,0
121,0,0
122,0,0
123,0,0
124,0,0
125,0,0
126,0,0
127,0,0
128,0,0
129,0,0
130,0,0
131,0,0
132,0,0
133,0,0
134,0,0
135,0,0
136,0,0
137,0,0
138,0,0
139,0,0
140,0,0
141,0,0
142,0,0
143,0,0
144,0,0
145,0,0
146,0,0
147,0,0
148,0,0
149,0,0
150,0,0
151,0,0
152,0,0
153,0,0
154,0,0
155,0,0
156,0,0
157,0,0
158,0,0
159,0,0
160,0,0
161,0,0
162,0,0
163,0,0
164,0,0
165,0,0
166,0,0
167,0,0
168,0,0
169,0,0
170,0,0
171,0,0
172,0,0
173,0,0
174,0,0
175,0,0
176,0,0
177,0,0
178,0,0
179,0,0
180,0,0
181,0,0
182,0,0
183,0,0
184,0,0
185,0,0
186,0,0
187,0,0
188,0,0
189,0,0
190,0,0
191,0,0
192,0,0
193,0,0
194,0,0
195,0,0
196,0,0
197,0,0
198,0,0
199,0,0
200,0,0
201,0,0
202,0,0
203,0,0
204,0,0
205,0,0
206,0,0
207,0,0
208,0,0
209,0,0
210,0,0
211,0,0
212,0,0
213,0,0
214,0,0
215,0,0
216,0,0
217,0,0
218,0,0
219,0,0
220,0,0
221,0,0
222,0,0
223,0,0
224,0,0
225,0,0
226,0,0
227,0,0
228,0,0
229,0,0
230,0,0
231,0,0
232,0,0
233,0,0
234,0,0
235,0,0
236,0,0
237,0,0
238,0,0
239,0,0
240,0,0
241,0,0
242,0,0
243,0,0
244,0,0
245,0,0
246,0,0
247,0,0
248,0,0
249,0,0
250,0,0
251,0,0
252,0,0
253,0,0
254,0,0
255,0,0
256,0,0
257,0,0
258,0,0
259,0,0
260,0,0
261,0,0
262,0,0
263,0,0
264,0,0
265,0,0
266,0,0
267,0,0
268,0,0
269,0,0
270,0,0
271,0,0
272,0,0
273,0,0
274,0,0
275,0,0
276,0,0
277,0,0
278,0,0
279,0,0
280,0,0
281,0,0
282,0,0
283,0,0
284,0,0
285,0,0
286,0,0
287,0,0
288,0,0
289,0,0
290,0,0
291,0,0
292,0,0
293,0,0
294,0,0
295,0,0
296,0,0
297,0,0
298,0,0
299,0,0
300,0,0
301,0,0
302,0,0
303,0,0
304,0,0
305,0,0
306,0,0
307,0,0
308,0,0
309,0,0
310,0,0
311,0,0
312,0,0
313,0,0
314,0,0
315,0,0
316,0,0
317,0,0
318,0,0
319,0,0
320,0,0
321,0,0
322,0,0
323,0,0
324,0,0
325,0,0
326,0,0
327,0,0
328,0,0
329,0,0
330,0,0
331,0,0
332,0,0
333,0,0
334,0,0
335,0,0
336,0,0
337,0,0
338,0,0
339,0,0
340,0,0
341,0,0
342,0,0
343,0,0
344,0,0
345,0,0
346,0,0
347,0,0
348,0,0
349,0,0
350,0,0
351,0,0
352,0,0
353,0,0
354,0,0
355,0,0
356,0,0
357,0,0
358,0,0
359,0,0
360,0,0
361,0,0
362,0,0
363,0,0
364,0,0
365,0,0
366,0,0
367,0,0
368,0,0
369,0,0
370,0,0
371,0,0
372,0,0
373,0,0
374,0,0
375,0,0
376,0,0
377,0,0
378,0,0
379,0,0
380,0,0
381,0,0
382,0,0
383,0,0
384,0,0
385,0,0
386,0,0
387,0,0
388,0,0
389,0,0
390,0,0
391,0,0
392,0,0
393,0,0
394,0,0
395,0,0
396,0,0
397,0,0
398,0,0
399,0,0
400,0,0
401,0,0
402,0,0
403,0,0
404,0,0
405,0,0
406,0,0
407,0,0
408,0,0
409,0,0
410,0,0
411,0,0
412,0,0
413,0,0
414,0,0
415,0,0
416,0,0
417,0,0
418,0,0
419,0,0
420,0,0
421,0,0
422,0,0
423,0,0
424,0,0
425,0,0
426,0,0
427,0,0
428,0,0
429,0,0
430,0,0
431,0,0
432,0,0
433,0,0
434,0,0
435,0,0
436,0,0
437,0,0
438,0,0
439,0,0
440,0,0
441,0,0
442,0,0
443,0,0
444,0,0
445,0,0
446,0,0
447,0,0
448,0,0
449,0,0
450,0,0
451,0,0
452,0,0
453,0,0
454,0,0
455,0,0
456,0,0
457,0,0
458,0,0
459,0,0
460,0,0
461,0,0
462,0,0
463,0,0
464,0,0
465,0,0
466,0,0
467,0,0
468,0,0
469,0,0
470,0,0
471,0,0
472,0,0
473,0,0
474,0,0
475,0,0
476,0,0
477,0,0
478,0,0
479,0,0
480,0,0
481,0,0
482,0,0
483,0,0
484,0,0
485,0,0
486,0,0
487,0,0
488,0,0
489,0,0
490,0,0
491,0,0
492,0,0
493,0,0
494,0,0
495,0,0
496,0,0
497,0,0
498,0,0
499,0,0
500,0,0
501,0,0
502,0,0
503,0,0
504,0,0
505,0,0
506,0,0
507,0,0
508,0,0
509,0,0
510,0,0
511,0,0
512,0,0
513,0,0
514,0,0
515,0,0
516,0,0
517,0,0
518,0,0
519,0,0
520,0,0
521,0,0
522,0,0
523,0,0
524,0,0
525,0,0
526,0,0
527,0,0
528,0,0
529,0,0
530,0,0
531,0,0
532,0,0
533,0,0
534,0,0
535,0,0
536,0,0
537,0,0
538,0,0
539,0,0
540,0,0
541,0,0
542,0,0
543,0,0
544,0,0
545,0,0
546,0,0
547,0,0
548,0,0
549,0,0
550,0,0
551,0,0
552,0,0
553,0,0
554,0,0
555,0,0
556,0,0
557,0,0
558,0,0
559,0,0
560,0,0
561,0,0
562,0,0
563,0,0
564,0,0
565,0,0
566,0,0
567,0,0
568,0,0
569,0,0
570,0,0
571,0,0
572,0,0
573,0,0
574,0,0
575,0,0
576,0,0
577,0,0
578,0,0
579,0,0
580,0,0
581,0,0
582,0,0
583,0,0
584,0,0
585,0,0
586,0,0
587,0,0
588,0,0
589,0,0
590,0,0
591,0,0
592,0,0
593,0,0
594,0,0
595,0,0
596,0,0
597,0,0
598,0,0
599,0,0
600,0,0
601,0,0
602,0,0
603,0,0
604,0,0
605,0,0
606,0,0
607,0,0
608,0,0
609,0,0
610,0,0
611,0,0
612,0,0
613,0,0
614,0,0
615,0,0
616,0,0
617,0,0
618,0,0
619,0,0
620,0,0
621,0,0
622,0,0
623,0,0
624,0,0
625,0,0
626,0,0
627,0,0
628,0,0
629,0,0
630,0,0
631,0,0
632,0,0
633,0,0
634,0,0
635,0,0
636,0,0
637,0,0
638,0,0
639,0,0
640,0,0
641,0,0
642,0,0
643,0,0
644,0,0
645,0,0
646,0,0
647,0,0
648,0,0
649,0,0
650,0,0
651,0,0
652,0,0
653,0,0
654,0,0
655,0,0
656,0,0
657,0,0
658,0,0
659,0,0
660,0,0
661,0,0
662,0,0
663,0,0
664,0,0
665,0,0
666,0,0
667,0,0
668,0,0
669,0,0
670,0,0
671,0,0
672,0,0
673,0,0
674,0,0
675,0,0
676,0,0
677,0,0
678,0,0
679,0,0
680,0,0
681,0,0
682,0,0
683,0,0
684,0,0
685,0,0
686,0,0
687,0,0
688,0,0
689,0,0
690,0,0
691,0,0
692,0,0
693,0,0
694,0,0
695,0,0
696,0,0
697,0,0
698,0,0
699,0,0
700,0,0
701,0,0
702,0,0
703,0,0
704,0,0
705,0,0
706,0,0
707,0,0
708,0,0
709,0,0
710,0,0
711,0,0
712,0,0
713,0,0
714,0,0
715,0,0
716,0,0
717,0,0
718,0,0
719,0,0
720,0,0
721,0,0
722,0,0
723,0,0
724,0,0
725,0,0
726,0,0
727,0,0
728,0,0
729,0,0
730,0,0
731,0,0
732,0,0
733,0,0
734,0,0
735,0,0
736,0,0
737,0,0
738,0,0
739,0,0
740,0,0
741,0,0
742,0,0
743,0,0
744,0,0
745,0,0
746,0,0
747,0,0
748,0,0
749,0,0
750,0,0
751,0,0
752,0,0
753,0,0
754,0,0
755,0,0
756,0,0
757,0,0
758,0,0
759,0,0
760,0,0
761,0,0
762,0,0
763,0,0
764,0,0
765,0,0
766,0,0
767,0,0
768,0,0
769,0,0
770,0,0
771,0,0
772,0,0
773,0,0
774,0,0
775,0,0
776,0,0
777,0,0
778,0,0
779,0,0
780,0,0
781,0,0
782,0,0
783,0,0
784,0,0
785,0,0
786,0,0
787,0,0
788,0,0
789,0,0
790,0,0
791,0,0
792,0,0
793,0,0
794,0,0
795,0,0
796,0,0
797,0,0
798,0,0
799,0,0
800,0,0
801,0,0
802,0,0
803,0,0
804,0,0
805,0,0
806,0,0
807,0,0
808,0,0
809,0,0
810,0,0
811,0,0
812,0,0
813,0,0
814,0,0
815,0,0
816,0,0
817,0,0
818,0,0
819,0,0
820,0,0
821,0,0
822,0,0
823,0,0
824,0,0
825,0,0
826,0,0
827,0,0
828,0,0
829,0,0
830,0,0
831,0,0
832,0,0
833,0,0
834,0,0
835,0,0
836,0,0
837,0,0
838,0,0
839,0,0
840,0,0
841,0,0
842,0,0
843,0,0
844,0,0
845,0,0
846,0,0
847,0,0
848,0,0
849,0,0
850,0,0
851,0,0
852,0,0
853,0,0
854,0,0
855,0,0
856,0,0
857,0,0
858,0,0
859,0,0
860,0,0
861,0,0
862,0,0
863,0,0
864,0,0
865,0,0
866,0,0
867,0,0
868,0,0
869,0,0
870,0,0
871,0,0
872,0,0
873,0,0
874,0,0
875,0,0
876,0,0
877,0,0
878,0,0
879,0,0
880,0,0
881,0,0
882,0,0
883,0,0
884,0,0
885,0,0
886,0,0
887,0,0
888,0,0
889,0,0
890,0,0
891,0,0
892,0,0
893,0,0
894,0,0
895,0,0
896,0,0
897,0,0
898,0,0
899,0,0
900,0,0
901,0,0
902,0,0
903,0,0
904,0,0
905,0,0
906,0,0
907,0,0
908,0,0
909,0,0
910,0,0
911,0,0
912,0,0
913,0,0
914,0,0
915,0,0
916,0,0
917,0,0
918,0,0
919,0,0
920,0,0
921,0,0
922,0,0
923,0,0
924,0,0
925,0,0
926,0,0
927,0,0
928,0,0
929,0,0
930,0,0
931,0,0
932,0,0
933,0,0
934,0,0
935,0,0
936,0,0
937,0,0
938,0,0
939,0,0
940,0,0
941,0,0
942,0,0
943,0,0
944,0,0
945,0,0
946,0,0
947,0,0
948,0,0
949,0,0
950,0,0
951,0,0
952,0,0
953,0,0
954,0,0
955,0,0
956,0,0
957,0,0
958,0,0
959,0,0
960,0,0
961,0,0
962,0,0
963,0,0
964,0,0
965,0,0
966,0,0
967,0,0
968,0,0
969,0,0
970,0,0
971,0,0
972,0,0
973,0,0
974,0,0
975,0,0
976,0,0
977,0,0
978,0,0
979,0,0
980,0,0
981,0,0
982,0,0
983,0,0
984,0,0
985,0,0
986,0,0
987,0,0
988,0,0
989,0,0
990,0,0
991,0,0
992,0,0
993,0,0
994,0,0
995,0,0
996,0,0
997,0,0
998,0,0
999,0,0
1000,0,0
1001,0,0
1002,0,0
1003,0,0
1004,0,0
1005,0,0
1006,0,0
1007,0,0
1008,0,0
1009,0,0
1010,0,0
1011,0,0
1012,0,0
1013,0,0
1014,0,0
1015,0,0
1016,0,0
1017,0,0
1018,0,0
1019,0,0
1020,0,0
1021,0,0
1022,0,0
1023,0,0
1024,0,0
1025,0,0
1026,0,0
1027,0,0
1028,0,0
1029,0,0
1030,0,0
1031,0,0
1032,0,0
1033,0,0
1034,0,0
1035,0,0
1036,0,0
1037,0,0
1038,0,0
1039,0,0
1040,0,0
1041,0,0
1042,0,0
1043,0,0
1044,0,0
1045,0,0
1046,0,0
1047,0,0
1048,0,0
1049,0,0
1050,0,0
1051,0,0
1052,0,0
1053,0,0
1054,0,0
1055,0,0
1056,0,0
1057,0,0
1058,0,0
1059,0,0
1060,0,0
1061,0,0
1062,0,0
1063,0,0
1064,0,0
1065,0,0
1066,0,0
1067,0,0
1068,0,0
1069,0,0
1070,0,0
1071,0,0
1072,0,0
1073,0,0
1074,0,0
1075,0,0
1076,0,0
1077,0,0
1078,0,0
1079,0,0
1080,0,0
1081,0,0
1082,0,0
1083,0,0
1084,0,0
1085,0,0
1086,0,0
1087,0,0
1088,0,0
1089,0,0
1090,0,0
1091,0,0
1092,0,0
1093,0,0
1094,0,0
1095,0,0
1096,0,0
1097,0,0
1098,0,0
1099,0,0
1100,0,0
1101,0,0
1102,0,0
1103,0,0
1104,0,0
1105,0,0
1106,0,0
1107,0,0
1108,0,0
1109,0,0
1110,0,0
1111,0,0
1112,0,1
1113,0,1
1114,0,1
1115,0,1
1116,0,1
1117,1,1
1118,1,1
1119,1,1
1120,1,1
1121,1,1
1122,1,1
1123,1,1
1124,1,1
1125,1,1
1126,1,1
1127,1,1
1128,1,1
1129,1,1
1130,1,1
1131,1,1
1132,1,1
1133,1,1
1134,1,1
1135,1,1
1136,1,1
1137,1,1
1138,1,1
1139,1,1
1140,1,1
1141,1,1
1142,1,1
1143,1,1
1144,1,1
1145,1,1
1146,1,1
1147,1,1
1148,1,1
1149,1,1
1150,1,1
1151,1,1
1152,1,1
1153,1,1
1154,1,1
1155,1,1
1156,1,1
1157,1,1
1158,1,1
1159,1,1
1160,1,1
1161,1,1
1162,1,1
1163,1,1
1164,1,1
1165,1,1
1166,1,1
1167,1,1
1168,1,1
1169,1,1
1170,1,1
1171,1,1
1172,1,1
1173,1,1
1174,1,1
1175,1,1
1176,1,1
1177,1,1
1178,1,1
1179,1,1
1180,1,1
1181,1,1
1182,1,1
1183,1,1
1184,1,1
1185,1,1
1186,1,1
1187,1,1
1188,1,1
1189,1,1
1190,1,1
1191,1,1
1192,1,1
1193,1,1
1194,1,1
1195,1,1
1196,1,1
1197,1,1
1198,1,1
1199,1,1
1200,1,1
1201,1,1
1202,1,1
1203,1,1
1204,1,1
1205,1,1
1206,1,1
1207,1,1
1208,1,1
1209,1,1
1210,1,1
1211,1,1
1212,1,1
1213,1,1
1214,1,1
1215,1,1
1216,1,1
1217,1,1
1218,1,1
1219,1,1
1220,1,1
1221,1,1
1222,1,1
1223,1,1
1224,1,1
1225,1,1
1226,1,1
1227,1,1
1228,1,1
1229,1,1
1230,1,1
1231,1,1
1232,1,1
1233,1,1
1234,1,1
1235,1,1
1236,1,1
1237,1,1
1238,1,1
1239,1,1
1240,1,1
1241,1,1
1242,1,1
1243,1,1
1244,1,1
1245,1,1
1246,1,1
1247,1,1
1248,1,1
1249,1,1
1250,1,1
1251,1,1
1252,1,1
1253,1,1
1254,1,1
1255,1,1
1256,1,1
1257,1,1
1258,1,1
1259,1,1
1260,1,1
1261,1,1
1262,1,1
1263,1,1
1264,1,1
1265,1,1
1266,1,1
1267,1,1
1268,1,1
1269,1,1
1270,1,1
1271,1,1
1272,1,1
1273,1,1
1274,1,1
1275,1,1
1276,1,1
1277,1,1
1278,1,1
1279,1,1
1280,1,1
1281,1,1
1282,1,1
1283,1,1
1284,1,1
1285,1,1
1286,1,1
1287,1,1
1288,1,1
1289,1,1
1290,1,1
1291,1,1
1292,1,1
1293,1,1
1294,1,1
1295,1,1
1296,1,1
1297,1,1
1298,1,1
1299,1,1
1300,1,1
1301,1,1
1302,1,1
1303,1,1
1304,1,1
1305,1,1
1306,1,1
1307,1,1
1308,1,1
1309,1,1
1310,1,1
1311,1,1
1312,1,1
1313,1,1
1314,1,1
1315,1,1
1316,1,1
1317,1,1
1318,1,1
1319,1,1
1320,1,1
1321,1,1
1322,1,1
1323,1,1
1324,1,1
1325,1,1
1326,1,1
1327,1,1
1328,1,1
1329,1,1
1330,1,1
1331,1,1
1332,1,1
1333,1,1
1334,1,1
1335,1,1
1336,1,1
1337,1,1
1338,1,1
1339,1,1
1340,1,1
1341,1,1
1342,1,1
1343,1,1
1344,1,1
1345,1,1
1346,1,1
1347,1,1
1348,1,1
1349,1,1
1350,1,1
1351,1,1
1352,1,1
1353,1,1
1354,1,1
1355,1,1
1356,1,1
1357,1,1
1358,1,1
1359,1,1
1360,1,1
1361,1,1
1362,1,1
1363,1,1
1364,1,1
1365,1,1
1366,1,1
1367,1,1
1368,1,1
1369,1,1
1370,1,1
1371,1,1
1372,1,1
1373,1,1
1374,1,1
1375,1,1
1376,1,1
1377,1,1
1378,1,1
1379,1,1
1380,1,1
1381,1,1
1382,1,1
1383,1,1
1384,1,1
1385,1,1
1386,1,1
1387,1,1
1388,1,1
1389,1,1
1390,1,1
1391,1,1
1392,1,1
1393,1,1
1394,1,1
1395,1,1
1396,1,1
1397,1,1
1398,1,1
1399,1,1
1400,1,1
1401,1,1
1402,1,1
1403,1,1
1404,1,1
1405,1,1
1406,1,1
1407,1,1
1408,1,1
1409,1,1
1410,1,1
1411,1,1
1412,1,1
1413,1,1
1414,1,1
1415,1,1
1416,1,1
1417,1,1
1418,1,1
1419,1,1
1420,1,1
1421,1,1
1422,1,1
1423,1,1
1424,1,1
1425,1,1
1426,1,1
1427,1,1
1428,1,1
1429,1,1
1430,1,1
1431,1,1
1432,1,1
1433,1,1
1434,1,1
1435,1,1
1436,1,1
1437,1,1
1438,1,1
1439,1,1
1440,1,1
1441,1,1
1442,1,1
1443,1,1
1444,1,1
1445,1,1
1446,1,1
1447,1,1
1448,1,1
1449,1,1
1450,1,1
1451,1,1
1452,1,1
1453,1,1
1454,1,1
1455,1,1
1456,1,1
1457,1,1
1458,1,1
1459,1,1
1460,1,1
1461,1,1
1462,1,1
1463,1,1
1464,1,1
1465,1,1
1466,1,1
1467,1,1
1468,1,1
1469,1,1
1470,1,1
1471,1,1
1472,1,1
1473,1,1
1474,1,1
1475,1,1
1476,1,1
1477,1,1
1478,1,1
1479,1,1
1480,1,1
1481,1,1
1482,1,1
1483,1,1
1484,1,1
1485,1,1
1486,1,1
1487,1,1
1488,1,1
1489,1,1
1490,1,1
1491,1,1
1492,1,1
1493,1,1
1494,1,1
1495,1,1
1496,1,1
1497,1,1
1498,1,1
1499,1,1
1500,1,1
1501,1,1
1502,1,1
1503,1,1
1504,1,1
1505,1,1
1506,1,1
1507,1,1
1508,1,1
1509,1,1
1510,1,1
1511,1,1
1512,1,1
1513,1,1
1514,1,1
1515,1,1
1516,1,1
1517,1,1
1518,1,1
1519,1,1
1520,1,1
1521,1,1
1522,1,1
1523,1,1
1524,1,1
1525,1,1
1526,1,1
1527,1,1
1528,1,1
1529,1,1
1530,1,1
1531,1,1
1532,1,1
1533,1,1
1534,1,1
1535,1,1
1536,1,1
1537,1,1
1538,1,1
1539,1,1
1540,1,1
1541,1,1
1542,1,1
1543,1,1
1544,1,1
1545,1,1
1546,1,1
1547,1,1
1548,1,1
1549,1,1
1550,1,1
1551,1,1
1552,1,1
1553,1,1
1554,1,1
1555,1,1
1556,1,1
1557,1,1
1558,1,1
1559,1,1
1560,1,1
1561,1,1
1562,1,1
1563,1,1
1564,1,1
1565,1,1
1566,1,1
1567,1,1
1568,1,1
1569,1,1
1570,1,1
1571,1,1
1572,1,1
1573,1,1
1574,1,1
1575,1,1
1576,1,1
1577,1,1
1578,1,1
1579,1,1
1580,1,1
1581,1,1
1582,1,1
1583,1,1
1584,1,1
1585,1,1
1586,1,1
1587,1,1
1588,1,1
1589,1,1
1590,1,1
1591,1,1
1592,1,1
1593,1,1
1594,1,1
1595,1,1
1596,1,1
1597,1,1
1598,1,1
1599,1,1
1600,1,1
1601,1,1
1602,1,1
1603,1,1
1604,1,1
1605,1,1
1606,1,1
1607,1,1
1608,1,1
1609,1,1
1610,1,1
1611,1,1
1612,1,1
1613,1,1
1614,1,1
1615,1,1
1616,1,1
1617,1,1
1618,1,1
1619,1,1
1620,1,1
1621,1,1
1622,1,1
1623,1,1
1624,1,1
1625,1,1
1626,1,1
1627,1,1
1628,1,1
1629,1,1
1630,1,1
1631,1,1
1632,1,1
1633,1,1
1634,1,1
1635,1,1
1636,1,1
1637,1,1
1638,1,1
1639,1,1
1640,1,1
1641,1,1
1642,1,1
1643,1,1
1644,1,1
1645,1,1
1646,1,1
1647,1,1
1648,1,1
1649,1,1
1650,1,1
1651,1,1
1652,1,1
1653,1,1
1654,1,1
1655,1,1
1656,1,1
1657,1,1
1658,1,1
1659,1,1
1660,1,1
1661,1,1
1662,1,1
1663,1,1
1664,1,1
1665,1,1
1666,1,1
1667,1,1
1668,1,1
1669,1,1
1670,1,1
1671,1,1
1672,1,1
1673,1,1
1674,1,1
1675,1,1
1676,1,1
1677,1,1
1678,1,1
1679,1,1
1680,1,1
1681,1,1
1682,1,1
1683,1,1
1684,1,1
1685,1,1
1686,1,1
1687,1,1
1688,1,1
1689,1,1
1690,1,1
1691,1,1
1692,1,1
1693,1,1
1694,1,1
1695,1,1
1696,1,1
1697,1,1
1698,1,1
1699,1,1
1700,1,1
1701,1,1
1702,1,1
1703,1,1
1704,1,1
1705,1,1
1706,1,1
1707,1,1
1708,1,1
1709,1,1
1710,1,1
1711,1,1
1712,1,1
1713,1,1
1714,1,1
1715,1,1
1716,1,1
1717,1,1
1718,1,1
1719,1,1
1720,1,1
1721,1,1
1722,1,1
1723,1,1
1724,1,1
1725,1,1
1726,1,1
1727,1,1
1728,1,1
1729,1,1
1730,1,1
1731,1,1
1732,1,1
1733,1,1
1734,1,1
1735,1,1
1736,1,1
1737,1,1
1738,1,1
1739,1,1
1740,1,1
1741,1,1
1742,1,1
1743,1,1
1744,1,1
1745,1,1
1746,1,1
1747,1,1
1748,1,1
1749,1,1
1750,1,1
1751,1,1
1752,1,1
1753,1,1
1754,1,1
1755,1,1
1756,1,1
1757,1,1
1758,1,1
1759,1,1
1760,1,1
1761,1,1
1762,1,1
1763,1,1
1764,1,1
1765,1,1
1766,1,1
1767,1,1
1768,1,1
1769,1,1
1770,1,1
1771,1,1
1772,1,1
1773,1,1
1774,1,1
1775,1,1
1776,1,1
1777,1,1
1778,1,1
1779,1,1
1780,1,1
1781,1,1
1782,1,1
1783,1,1
1784,1,1
1785,1,1
1786,1,1
1787,1,1
1788,1,1
1789,1,1
1790,1,1
1791,1,1
1792,1,1
1793,1,1
1794,1,1
1795,1,1
1796,1,1
1797,1,1
1798,1,1
1799,1,1
1800,1,1
1801,1,1
1802,1,1
1803,1,1
1804,1,1
1805,1,1
1806,1,1
1807,1,1
1808,1,1
1809,1,1
1810,1,1
1811,1,1
1812,1,1
1813,1,1
1814,1,1
1815,1,1
1816,1,1
1817,1,1
1818,1,1
1819,1,1
1820,1,1
1821,1,1
1822,1,1
1823,1,1
1824,1,1
1825,1,1
1826,1,1
1827,1,1
1828,1,1
1829,1,1
1830,1,1
1831,1,1
1832,1,1
1833,1,1
1834,1,1
1835,1,1
1836,1,1
1837,1,1
1838,1,1
1839,1,1
1840,1,1
1841,1,1
1842,1,1
1843,1,1
1844,1,1
1845,1,1
1846,1,1
1847,1,1
1848,1,1
1849,1,1
1850,1,1
1851,1,1
1852,1,1
1853,1,1
1854,1,1
1855,1,1
1856,1,1
1857,1,1
1858,1,1
1859,1,1
1860,1,1
1861,1,1
1862,1,1
1863,1,1
1864,1,1
1865,1,1
1866,1,1
1867,1,1
1868,1,1
1869,1,1
1870,1,1
1871,1,1
1872,1,1
1873,1,1
1874,1,1
1875,1,1
1876,1,1
1877,1,1
1878,1,1
1879,1,1
1880,1,1
1881,1,1
1882,1,1
1883,1,1
1884,1,1
1885,1,1
1886,1,1
1887,1,1
1888,1,1
1889,1,1
1890,1,1
1891,1,1
1892,1,1
1893,1,1
1894,1,1
1895,1,1
1896,1,1
1897,1,1
1898,1,1
1899,1,1
1900,1,1
1901,1,1
1902,1,1
1903,1,1
1904,1,1
1905,1,1
1906,1,1
1907,1,1
1908,1,1
1909,1,1
1910,1,1
1911,1,1
1912,1,1
1913,1,1
1914,1,1
1915,1,1
1916,1,1
1917,1,1
1918,1,1
1919,1,1
1920,1,1
1921,1,1
1922,1,1
1923,1,1
1924,1,1
1925,1,1
1926,1,1
1927,1,1
1928,1,1
1929,1,1
1930,1,1
1931,1,1
1932,1,1
1933,1,1
1934,1,1
1935,1,1
1936,1,1
1937,1,1
1938,1,1
1939,1,1
1940,1,1
1941,1,1
1942,1,1
1943,1,1
1944,1,1
1945,1,1
1946,1,1
1947,1,1
1948,1,1
1949,1,1
1950,1,1
1951,1,1
1952,1,1
1953,1,1
1954,1,1
1955,1,1
1956,1,1
1957,1,1
1958,1,1
1959,1,1
1960,1,1
1961,1,1
1962,1,1
1963,1,1
1964,1,1
1965,1,1
1966,1,1
1967,1,1
1968,1,1
1969,1,1
1970,1,1
1971,1,1
1972,1,1
1973,1,1
1974,1,1
1975,1,1
1976,1,1
1977,1,1
1978,1,1
1979,1,1
1980,1,1
1981,1,1
1982,1,1
1983,1,1
1984,1,1
1985,1,1
1986,1,1
1987,1,1
1988,1,1
1989,1,1
1990,1,1
1991,1,1
1992,1,1
1993,1,1
1994,1,1
1995,1,1
1996,1,1
1997,1,1
1998,1,1
1999,1,1
2000,1,1
2001,1,1
2002,1,1
2003,1,1
2004,1,1
2005,1,1
2006,1,1
2007,1,1
2008,1,1
2009,1,1
2010,1,1
2011,1,1
2012,1,1
2013,1,1
2014,1,1
2015,1,1
2016,1,1
2017,1,1
2018,1,1
2019,1,1
2020,1,1
2021,1,1
2022,1,1
2023,1,1
2024,1,1
2025,1,1
2026,1,1
2027,1,1
2028,1,1
2029,1,1
2030,1,1
2031,1,1
2032,1,1
2033,1,1
2034,1,1
2035,1,1
2036,1,1
2037,1,1
2038,1,1
2039,1,1
2040,1,1
2041,1,1
2042,1,1
2043,1,1
2044,1,1
2045,1,1
2046,1,1
2047,1,1
2048,1,1
2049,1,1
2050,1,1
2051,1,1
2052,1,1
2053,1,1
2054,1,1
2055,1,1
2056,1,1
2057,1,1
2058,1,1
2059,1,1
2060,1,1
2061,1,1
2062,1,1
2063,1,1
2064,1,1
2065,1,1
2066,1,1
2067,1,1
2068,1,1
2069,1,1
2070,1,1
2071,1,1
2072,1,1
2073,1,1
2074,1,1
2075,1,1
2076,1,1
2077,1,1
2078,1,1
2079,1,1
2080,1,1
2081,1,1
2082,1,1
2083,1,1
2084,1,1
2085,1,1
2086,1,1
2087,1,1
2088,1,1
2089,1,1
2090,1,1
2091,1,1
2092,1,1
2093,1,1
2094,1,1
2095,1,1
2096,1,1
2097,1,1
2098,1,1
2099,1,1
2100,1,1
2101,1,1
2102,1,1
2103,1,1
2104,1,1
2105,1,1
2106,1,1
2107,1,1
2108,1,1
2109,1,1
2110,1,1
2111,1,1
2112,1,1
2113,1,1
2114,1,1
2115,1,1
2116,1,1
2117,1,1
2118,1,1
2119,1,1
2120,1,1
2121,1,1
2122,1,1
2123,1,1
2124,1,1
2125,1,1
2126,1,1
2127,1,1
2128,1,1
2129,1,1
2130,1,1
2131,1,1
2132,1,1
2133,1,1
2134,1,1
2135,1,1
2136,1,1
2137,1,1
2138,1,1
2139,1,1
2140,1,1
2141,1,1
2142,1,1
2143,1,1
2144,1,1
2145,1,1
2146,1,1
2147,1,1
2148,1,1
2149,1,1
2150,1,1
2151,1,1
2152,1,1
2153,1,1
2154,1,1
2155,1,1
2156,1,1
2157,1,1
2158,1,1
2159,1,1
2160,1,1
2161,1,1
2162,1,1
2163,1,1
2164,1,1
2165,1,1
2166,1,1
2167,1,1
2168,1,1
2169,1,1
2170,1,1
2171,1,1
2172,1,1
2173,1,1
2174,1,1
2175,1,1
2176,1,1
2177,1,1
2178,1,1
2179,1,1
2180,1,1
2181,1,1
2182,1,1
2183,1,1
2184,1,1
2185,1,1
2186,1,1
2187,1,1
2188,1,1
2189,1,1
2190,1,1
2191,1,1
2192,1,1
2193,1,1
2194,1,1
2195,1,1
2196,1,1
2197,1,1
2198,1,1
2199,1,1
2200,1,1
2201,1,1
2202,1,1
2203,1,1
2204,1,1
2205,1,1
2206,1,1
2207,1,1
2208,1,1
2209,1,1
2210,1,1
2211,1,1
2212,1,1
2213,1,1
2214,1,1
2215,1,1
2216,1,1
2217,1,1
2218,1,1
2219,1,1
2220,1,1
2221,1,1
2222,1,1
2223,1,1
2224,1,1
2225,1,1
2226,1,1
2227,1,1
2228,1,1
2229,1,1
2230,1,1
2231,1,1
2232,1,1
2233,1,1
2234,1,1
2235,1,1
2236,1,1
2237,1,1
2238,1,1
2239,1,1
2240,1,1
2241,1,1
2242,1,1
2243,1,1
2244,1,1
2245,1,1
2246,1,1
2247,1,1
2248,1,1
2249,1,1
2250,1,1
2251,1,1
2252,1,1
2253,1,1
2254,1,1
2255,1,1
2256,1,1
2257,1,1
2258,1,1
2259,1,1
2260,1,1
2261,1,1
2262,1,1
2263,1,1
2264,1,1
2265,1,1
2266,1,1
2267,1,1
2268,1,1
2269,1,1
2270,1,1
2271,1,1
2272,1,1
2273,1,1
2274,1,1
2275,1,1
2276,1,1
2277,1,1
2278,1,1
2279,1,1
2280,1,1
2281,1,1
2282,1,1
2283,1,1
2284,1,1
2285,1,1
2286,1,1
2287,1,1
2288,1,1
2289,1,1
2290,1,1
2291,1,1
2292,1,1
2293,1,1
2294,1,1
2295,1,1
2296,1,1
2297,1,1
2298,1,1
2299,1,1
2300,1,1
2301,1,1
2302,1,1
2303,1,1
2304,1,1
2305,1,1
2306,1,1
2307,1,1
2308,1,1
2309,1,1
2310,1,1
2311,1,1
2312,1,1
2313,1,1
2314,1,1
2315,1,1
2316,1,1
2317,1,1
2318,1,1
2319,1,1
2320,1,1
2321,1,1
2322,1,1
2323,1,1
2324,1,1
2325,1,1
2326,1,1
2327,1,1
2328,1,1
2329,1,1
2330,1,1
2331,1,1
2332,1,1
2333,1,1
2334,1,1
2335,1,1
2336,1,1
2337,1,1
2338,1,1
2339,1,1
2340,1,1
2341,1,1
2342,1,1
2343,1,1
2344,1,1
2345,1,1
2346,1,1
2347,1,1
2348,1,1
2349,1,1
2350,1,1
2351,1,1
2352,1,1
2353,1,1
2354,1,1
2355,1,1
2356,1,1
2357,1,1
2358,1,1
2359,1,1
2360,1,1
2361,1,1
2362,1,1
2363,1,1
2364,1,1
2365,1,1
2366,1,1
2367,1,1
2368,1,1
2369,1,1
2370,1,1
2371,1,1
2372,1,1
2373,1,1
2374,1,1
2375,1,1
2376,1,1
2377,1,1
2378,1,1
2379,1,1
2380,1,1
2381,1,1
2382,1,1
2383,1,1
2384,1,1
2385,1,1
2386,1,1
2387,1,1
2388,1,1
2389,1,1
2390,1,1
2391,1,1
2392,1,1
2393,1,1
2394,1,1
2395,1,1
2396,1,1
2397,1,1
2398,1,1
2399,1,1
2400,1,1
2401,1,1
2402,1,1
2403,1,1
2404,1,1
2405,1,1
2406,1,1
2407,1,1
2408,1,1
2409,1,1
2410,1,1
2411,1,1
2412,1,1
2413,1,1
2414,1,1
2415,1,1
2416,1,1
2417,1,1
2418,1,1
2419,1,1
2420,1,1
2421,1,0
2422,1,0
2423,2,0
2424,2,0
2425,2,0
2426,2,0
2427,2,0
2428,2,0
2429,2,0
2430,2,0
2431,2,0
2432,2,0
2433,2,0
2434,2,0
2435,2,0
2436,2,0
2437,2,0
2438,2,0
2439,2,0
2440,2,0
2441,2,0
2442,2,0
2443,2,0
2444,2,0
2445,2,0
2446,2,0
2447,2,0
2448,2,0
2449,2,0
2450,2,0
2451,2,0
2452,2,0
2453,2,0
2454,2,0
2455,2,0
2456,2,0
2457,2,0
2458,2,0
2459,2,0
2460,2,0
2461,2,0
2462,2,0
2463,2,0
2464,2,0
2465,2,0
2466,2,0
2467,2,0
2468,2,0
2469,2,0
2470,2,0
2471,2,0
2472,2,0
2473,2,0
2474,2,0
2475,2,0
2476,2,0
2477,2,0
2478,2,0
2479,2,0
2480,2,0
2481,2,0
2482,2,0
2483,2,0
2484,2,0
2485,2,0
2486,2,0
2487,2,0
2488,2,0
2489,2,0
2490,2,0
2491,2,0
2492,2,0
2493,2,0
2494,2,0
2495,2,0
2496,2,0
2497,2,0
2498,2,0
2499,2,0
2500,2,0
2501,2,0
2502,2,0
2503,2,0
2504,2,0
2505,2,0
2506,2,0
2507,2,0
2508,2,0
2509,2,0
2510,2,0
2511,2,0
2512,2,0
2513,2,0
2514,2,0
2515,2,0
2516,2,0
2517,2,0
2518,2,0
2519,2,0
2520,2,0
2521,2,0
2522,2,0
2523,2,0
2524,2,0
2525,2,0
2526,2,0
2527,2,0
2528,2,0
2529,2,0
2530,2,0
2531,2,0
2532,2,0
2533,2,0
2534,2,0
2535,2,0
2536,2,0
2537,2,0
2538,2,0
2539,2,0
2540,2,0
2541,2,0
2542,2,0
2543,2,0
2544,2,0
2545,2,0
2546,2,0
2547,2,0
2548,2,0
2549,2,0
2550,2,0
2551,2,0
2552,2,0
2553,2,0
2554,2,0
2555,2,0
2556,2,0
2557,2,0
2558,2,0
2559,2,0
2560,2,0
2561,2,0
2562,2,0
2563,2,0
2564,2,0
2565,2,0
2566,2,0
2567,2,0
2568,2,0
2569,2,0
2570,2,0
2571,2,0
2572,2,0
2573,2,0
2574,2,0
2575,2,0
2576,2,0
2577,2,0
2578,2,0
2579,2,0
2580,2,0
2581,2,0
2582,2,0
2583,2,0
2584,2,0
2585,2,0
2586,2,0
2587,2,0
2588,2,0
2589,2,0
2590,2,0
2591,2,0
2592,2,0
2593,2,0
2594,2,0
2595,2,0
2596,2,0
2597,2,0
2598,2,0
2599,2,0
2600,2,0
2601,2,0
2602,2,0
2603,2,0
2604,2,0
2605,2,0
2606,2,0
2607,2,0
2608,2,0
2609,2,0
2610,2,0
2611,2,0
2612,2,0
2613,2,0
2614,2,0
2615,2,0
2616,2,0
2617,2,0
2618,2,0
2619,2,0
2620,2,0
2621,2,0
2622,2,0
2623,2,0
2624,2,0
2625,2,0
2626,2,0
2627,2,0
2628,2,0
2629,2,0
2630,2,0
2631,2,0
2632,2,0
2633,2,0
2634,2,0
2635,2,0
2636,2,0
2637,2,0
2638,2,0
2639,2,0
2640,2,0
2641,2,0
2642,2,0
2643,2,0
2644,2,0
2645,2,0
2646,2,0
2647,2,0
2648,2,0
2649,2,0
2650,2,0
2651,2,0
2652,2,0
2653,2,0
2654,2,0
2655,2,0
2656,2,0
2657,2,0
2658,2,0
2659,2,0
2660,2,0
2661,2,0
2662,2,0
2663,2,0
2664,2,0
2665,2,0
2666,2,0
2667,2,0
2668,2,0
2669,2,0
2670,2,0
2671,2,0
2672,2,0
2673,2,0
2674,2,0
2675,2,0
2676,2,0
2677,2,0
2678,2,0
2679,2,0
2680,2,0
2681,2,0
2682,2,0
2683,2,0
2684,2,0
2685,2,0
2686,2,0
2687,2,0
2688,2,0
2689,2,0
2690,2,0
2691,2,0
2692,2,0
2693,2,0
2694,2,0
2695,2,0
2696,2,0
2697,2,0
2698,2,0
2699,2,0
2700,2,0
2701,2,0
2702,2,0
2703,2,0
2704,2,0
2705,2,0
2706,2,0
2707,2,0
2708,2,0
2709,2,0
2710,2,0
2711,2,0
2712,2,0
2713,2,0
2714,2,0
2715,2,0
2716,2,0
2717,2,0
2718,2,0
2719,2,0
2720,2,0
2721,2,0
2722,2,0
2723,2,0
2724,2,0
2725,2,0
2726,2,0
2727,2,0
2728,2,0
2729,2,0
2730,2,0
2731,2,0
2732,2,0
2733,2,0
2734,2,0
2735,2,0
2736,2,0
2737,2,0
2738,2,0
2739,2,0
2740,2,0
2741,2,0
2742,2,0
2743,2,0
2744,2,0
2745,2,0
2746,2,0
2747,2,0
2748,2,0
2749,2,0
2750,2,0
2751,2,0
2752,2,0
2753,2,0
2754,2,0
2755,2,0
2756,2,0
2757,2,0
2758,2,0
2759,2,0
2760,2,0
2761,2,0
2762,2,0
2763,2,0
2764,2,0
2765,2,0
2766,2,0
2767,2,0
2768,2,0
2769,2,0
2770,2,0
2771,2,0
2772,2,0
2773,2,0
2774,2,0
2775,2,0
2776,2,0
2777,2,0
2778,2,0
2779,2,0
2780,2,0
2781,2,0
2782,2,0
2783,2,0
2784,2,0
2785,2,0
2786,2,0
2787,2,0
2788,2,0
2789,2,0
2790,2,0
2791,2,0
2792,2,0
2793,2,0
2794,2,0
2795,2,0
2796,2,0
2797,2,0
2798,2,0
2799,2,0
2800,2,0
2801,2,0
2802,2,0
2803,2,0
2804,2,0
2805,2,0
2806,2,0
2807,2,0
2808,2,0
2809,2,0
2810,2,0
2811,2,0
2812,2,0
2813,2,0
2814,2,0
2815,2,0
2816,2,0
2817,2,0
2818,2,0
2819,2,0
2820,2,0
2821,2,0
2822,2,0
2823,2,0
2824,2,0
2825,2,0
2826,2,0
2827,2,0
2828,2,0
2829,2,0
2830,2,0
2831,2,0
2832,2,0
2833,2,0
2834,2,0
2835,2,0
2836,2,0
2837,2,0
2838,2,0
2839,2,0
2840,2,0
2841,2,0
2842,2,0
2843,2,0
2844,2,0
2845,2,0
2846,2,0
2847,2,0
2848,2,0
2849,2,0
2850,2,0
2851,2,0
2852,2,0
2853,2,0
2854,2,0
2855,2,0
2856,2,0
2857,2,0
2858,2,0
2859,2,0
2860,2,0
2861,2,0
2862,2,0
2863,2,0
2864,2,0
2865,2,0
2866,2,0
2867,2,0
2868,2,0
2869,2,0
2870,2,0
2871,2,0
2872,2,0
2873,2,0
2874,2,0
2875,2,0
2876,2,0
2877,2,0
2878,2,0
2879,2,0
2880,2,0
2881,2,0
2882,2,0
2883,2,0
2884,2,0
2885,2,0
2886,2,0
2887,2,0
2888,2,0
2889,2,0
2890,2,0
2891,2,0
2892,2,0
2893,2,0
2894,2,0
2895,2,0
2896,3,0
2897,3,0
2898,3,0
2899,3,0
2900,3,0
2901,3,0
2902,3,0
2903,3,0
2904,3,0
2905,3,0
2906,3,0
2907,3,0
2908,3,0
2909,3,0
2910,3,0
2911,3,0
2912,3,0
2913,3,0
2914,3,0
2915,3,0
2916,3,0
2917,3,0
2918,3,0
2919,3,0
2920,3,0
2921,3,0
2922,3,0
2923,3,0
2924,3,0
2925,3,0
2926,3,0
2927,3,0
2928,3,0
2929,3,0
2930,3,0
2931,3,0
2932,3,0
2933,3,0
2934,3,0
2935,3,0
2936,3,0
2937,3,0
2938,3,0
2939,3,0
2940,3,0
2941,3,0
2942,3,0
2943,3,0
2944,3,0
2945,3,0
2946,3,0
2947,3,0
2948,3,0
2949,3,0
2950,3,0
2951,3,0
2952,3,0
2953,3,0
2954,3,0
2955,3,0
2956,3,0
2957,3,0
2958,3,0
2959,3,0
2960,3,0
2961,3,0
2962,3,0
2963,3,0
2964,3,0
2965,3,0
2966,3,0
2967,3,0
2968,3,0
2969,3,0
2970,3,0
2971,3,0
2972,3,0
2973,3,0
2974,3,0
2975,3,0
2976,3,0
2977,3,0
2978,3,0
2979,3,0
2980,3,0
2981,3,0
2982,3,0
2983,3,0
2984,3,0
2985,3,0
2986,3,0
2987,3,0
2988,3,0
2989,3,0
2990,3,0
2991,3,0
2992,3,0
2993,3,0
2994,3,0
2995,3,0
2996,3,0
2997,3,0
2998,3,0
2999,3,0
3000,3,0
3001,3,0
3002,3,0
3003,3,0
3004,3,0
3005,3,0
3006,3,0
3007,3,0
3008,3,0
3009,3,0
3010,3,0
3011,3,0
3012,3,0
3013,3,0
3014,3,0
3015,3,0
3016,3,0
3017,3,0
3018,3,0
3019,3,0
3020,3,0
3021,3,0
3022,3,0
3023,3,0
3024,3,0
3025,3,0
3026,3,0
3027,3,0
3028,3,0
3029,3,0
3030,3,0
3031,3,0
3032,3,0
3033,3,0
3034,3,0
3035,3,0
3036,3,0
3037,3,0
3038,3,0
3039,3,0
3040,3,0
3041,3,0
3042,3,0
3043,3,0
3044,3,0
3045,3,0
3046,3,0
3047,3,0
3048,3,0
3049,3,0
3050,3,0
3051,3,0
3052,3,0
3053,3,0
3054,3,0
3055,3,0
3056,3,0
3057,3,0
3058,3,0
3059,3,0
3060,3,0
3061,3,0
3062,3,0
3063,3,0
3064,3,0
3065,3,0
3066,3,0
3067,3,0
3068,3,0
3069,3,0
3070,3,0
3071,3,0
3072,3,0
3073,3,0
3074,3,0
3075,3,0
3076,3,0
3077,3,0
3078,3,0
3079,3,0
3080,3,0
3081,3,0
3082,3,0
3083,3,0
3084,3,0
3085,3,0
3086,3,0
3087,3,0
3088,3,0
3089,3,0
3090,3,0
3091,3,0
3092,3,0
3093,3,0
3094,3,0
3095,3,0
3096,3,0
3097,3,0
3098,3,0
3099,3,0
3100,3,0
3101,3,0
3102,3,0
3103,3,0
3104,3,0
3105,3,0
3106,3,0
3107,3,0
3108,3,0
3109,3,0
3110,3,0
3111,3,0
3112,3,0
3113,3,0
3114,3,0
3115,3,0
3116,3,0
3117,3,0
3118,3,0
3119,3,0
3120,3,0
3121,3,0
3122,3,0
3123,3,0
3124,3,0
3125,3,0
3126,3,0
3127,3,0
3128,3,0
3129,3,0
3130,3,0
3131,3,0
3132,3,0
3133,3,0
3134,3,0
3135,3,0
3136,3,0
3137,3,0
3138,3,0
3139,3,0
3140,3,0
3141,3,0
3142,3,0
3143,3,0
3144,3,0
3145,3,0
3146,3,0
3147,3,0
3148,3,0
3149,3,0
3150,3,0
3151,3,0
3152,3,0
3153,3,0
3154,3,0
3155,3,0
3156,3,0
3157,3,0
3158,3,0
3159,3,0
3160,3,0
3161,3,0
3162,3,0
3163,3,0
3164,3,0
3165,3,0
3166,3,0
3167,3,0
3168,3,0
3169,3,0
3170,3,0
3171,3,0
3172,3,0
3173,3,0
3174,3,0
3175,3,0
3176,3,0
3177,3,0
3178,3,0
3179,3,0
3180,3,0
3181,3,0
3182,3,0
3183,3,0
3184,3,0
3185,3,0
3186,3,0
3187,3,0
3188,3,0
3189,3,0
3190,3,0
3191,3,0
3192,3,0
3193,3,0
3194,3,0
3195,3,0
3196,3,0
3197,3,0
3198,3,0
3199,3,0
3200,3,0
3201,3,0
3202,3,0
3203,3,0
3204,3,0
3205,3,0
3206,3,0
3207,3,0
3208,3,0
3209,3,0
3210,3,0
3211,3,0
3212,3,0
3213,3,0
3214,3,0
3215,3,0
3216,3,0
3217,3,0
3218,3,0
3219,3,0
3220,3,0
3221,3,0
3222,3,0
3223,3,0
3224,3,0
3225,3,0
3226,3,0
3227,3,0
3228,3,0
3229,3,0
3230,3,0
3231,3,0
3232,3,0
3233,3,0
3234,3,0
3235,3,0
3236,3,0
3237,3,0
3238,3,0
3239,3,0
3240,3,0
3241,3,0
3242,3,0
3243,3,0
3244,3,0
3245,3,0
3246,3,0
3247,3,0
3248,3,0
3249,3,0
3250,3,0
3251,3,0
3252,3,0
3253,3,0
3254,3,0
3255,3,0
3256,3,0
3257,3,0
3258,3,0
3259,3,0
3260,3,0
3261,3,0
3262,3,0
3263,3,0
3264,3,0
3265,3,0
3266,3,0
3267,3,0
3268,3,0
3269,3,0
3270,3,0
3271,3,0
3272,3,0
3273,3,0
3274,3,0
3275,3,0
3276,3,0
3277,3,0
3278,3,0
3279,3,0
3280,3,0
3281,3,0
3282,3,0
3283,3,0
3284,3,0
3285,3,0
3286,3,0
3287,3,0
3288,3,0
3289,3,0
3290,3,0
3291,3,0
3292,3,0
3293,3,0
3294,3,0
3295,3,0
3296,3,0
3297,3,0
3298,3,0
3299,3,0
3300,3,0
3301,3,0
3302,3,0
3303,3,0
3304,3,0
3305,3,0
3306,3,0
3307,3,0
3308,3,0
3309,3,0
3310,3,0
3311,3,0
3312,3,0
3313,3,0
3314,3,0
3315,3,0
3316,3,0
3317,3,0
3318,3,0
3319,3,0
3320,3,0
3321,3,0
3322,3,0
3323,3,0
3324,3,0
3325,3,0
3326,3,0
3327,3,0
3328,3,0
3329,3,0
3330,3,0
3331,3,0
3332,3,0
3333,3,0
3334,3,0
3335,3,0
3336,3,0
3337,3,0
3338,3,0
3339,3,0
3340,3,0
3341,3,0
3342,3,0
3343,3,0
3344,3,0
3345,3,0
3346,3,0
3347,3,0
3348,3,0
3349,3,0
3350,3,0
3351,3,0
3352,3,0
3353,3,0
3354,3,0
3355,3,0
3356,3,0
3357,3,0
3358,3,0
3359,3,0
3360,3,0
3361,3,0
3362,3,0
3363,3,0
3364,3,0
3365,3,0
3366,3,0
3367,3,0
3368,3,0
3369,3,0
3370,3,0
3371,3,0
3372,3,0
3373,3,0
3374,3,0
3375,3,0
3376,3,0
3377,3,0
3378,3,0
3379,3,0
3380,3,0
3381,3,0
3382,3,0
3383,3,0
3384,3,0
3385,3,0
3386,3,0
3387,3,0
3388,3,0
3389,3,0
3390,3,0
3391,3,0
3392,3,0
3393,3,0
3394,3,0
3395,3,0
3396,3,0
3397,3,0
3398,3,0
3399,3,0
3400,3,0
3401,3,0
3402,3,0
3403,3,0
3404,3,0
3405,3,0
3406,3,0
3407,3,0
3408,3,0
3409,3,0
3410,3,0
3411,3,0
3412,3,0
3413,3,0
3414,3,0
3415,3,0
3416,3,0
3417,3,0
3418,3,0
3419,3,0
3420,3,0
3421,3,0
3422,3,0
3423,3,0
3424,3,0
3425,3,0
3426,3,0
3427,3,0
3428,3,0
3429,3,0
3430,3,0
3431,3,0
3432,3,0
3433,3,0
3434,3,0
3435,3,0
3436,3,0
3437,3,0
3438,3,0
3439,3,0
3440,3,0
3441,3,0
3442,3,0
3443,3,0
3444,3,0
3445,3,0
3446,3,0
3447,3,0
3448,3,0
3449,3,0
3450,3,0
3451,3,0
3452,3,0
3453,3,0
3454,3,0
3455,3,0
3456,3,0
3457,3,0
3458,3,0
3459,3,0
3460,3,0
3461,3,0
3462,3,0
3463,3,0
3464,3,0
3465,3,0
3466,3,0
3467,3,0
3468,3,0
3469,3,0
3470,3,0
3471,3,0
3472,3,0
3473,3,0
3474,3,0
3475,3,0
3476,3,0
3477,3,0
3478,3,0
3479,3,0
3480,3,0
3481,3,0
3482,3,0
3483,3,0
3484,3,0
3485,3,0
3486,3,0
3487,3,0
3488,3,0
3489,3,0
3490,3,0
3491,3,0
3492,3,0
3493,3,0
3494,3,0
3495,3,0
3496,3,0
3497,3,0
3498,3,0
3499,3,0
3500,3,0
3501,3,0
3502,3,0
3503,3,0
3504,3,0
3505,3,0
3506,3,0
3507,3,0
3508,3,0
3509,3,0
3510,3,0
3511,3,0
3512,3,0
3513,3,0
3514,3,0
3515,3,0
3516,3,0
3517,3,0
3518,3,0
3519,3,0
3520,3,0
3521,3,0
3522,3,0
3523,3,0
3524,3,0
3525,3,0
3526,3,0
3527,3,0
3528,3,0
3529,3,0
3530,3,0
3531,3,0
3532,3,0
3533,3,0
3534,3,0
3535,3,0
3536,3,0
3537,3,0
3538,3,0
3539,3,0
3540,3,0
3541,3,0
3542,3,0
3543,3,0
3544,3,0
3545,3,0
3546,3,0
3547,3,0
3548,3,0
3549,3,0
3550,3,0
3551,3,0
3552,3,0
3553,3,0
3554,3,0
3555,3,0
3556,3,0
3557,3,0
3558,3,0
3559,3,0
3560,3,0
3561,3,0
3562,3,0
3563,3,0
3564,3,0
3565,3,0
3566,3,0
3567,3,0
3568,3,0
3569,3,0
3570,3,0
3571,3,0
3572,3,0
3573,3,0
3574,3,0
3575,3,0
3576,3,0
3577,3,0
3578,3,0
3579,3,0
3580,3,0
3581,3,0
3582,3,0
3583,3,0
3584,3,0
3585,3,0
3586,3,0
3587,3,0
3588,3,0
3589,3,0
3590,3,0
3591,3,0
3592,3,0
3593,3,0
3594,3,0
3595,3,0
3596,3,0
3597,3,0
3598,3,0
3599,3,0
3600,3,0
3601,3,0
3602,3,0
3603,3,0
3604,3,0
3605,3,0
3606,3,0
3607,3,0
3608,3,0
3609,3,0
3610,3,0
3611,3,0
3612,3,0
3613,3,0
3614,3,0
3615,3,0
3616,3,0
3617,3,0
3618,3,0
3619,3,0
3620,3,0
3621,3,0
3622,3,0
3623,3,0
3624,3,0
3625,3,0
3626,3,0
3627,3,0
3628,3,0
3629,3,0
3630,3,0
3631,3,0
3632,3,0
3633,3,0
3634,3,0
3635,3,0
3636,3,0
3637,3,0
3638,3,0
3639,3,0
3640,3,0
3641,3,0
3642,3,0
3643,3,0
3644,3,0
3645,3,0
3646,3,0
3647,3,0
3648,3,0
3649,3,0
3650,3,0
3651,3,0
3652,3,0
3653,3,0
3654,3,0
3655,3,0
3656,3,0
3657,3,0
3658,3,0
3659,3,0
3660,3,0
3661,3,0
3662,3,0
3663,3,0
3664,3,0
3665,3,0
3666,3,0
3667,3,0
3668,3,0
3669,3,0
3670,3,0
3671,3,0
3672,3,0
3673,3,0
3674,3,0
3675,3,0
3676,3,0
3677,3,0
3678,3,0
3679,3,0
3680,3,0
3681,3,0
3682,3,0
3683,3,0
3684,3,0
3685,3,0
3686,3,0
3687,3,0
3688,3,0
3689,3,0
3690,3,0
3691,3,0
3692,3,0
3693,3,0
3694,3,0
3695,3,0
3696,3,0
3697,3,0
3698,3,0
3699,3,0
3700,3,0
3701,3,0
3702,3,0
3703,3,0
3704,3,0
3705,3,0
3706,3,0
3707,3,0
3708,3,0
3709,3,0
3710,3,0
3711,3,0
3712,3,0
3713,3,0
3714,3,0
3715,3,0
3716,3,0
3717,3,0
3718,3,0
3719,3,0
3720,3,0
3721,3,0
3722,3,0
3723,3,0
3724,3,0
3725,3,0
3726,3,0
3727,3,0
3728,3,0
3729,3,0
3730,3,0
3731,3,0
3732,3,0
3733,3,0
3734,3,0
3735,3,0
3736,3,0
3737,3,0
3738,3,0
3739,3,0
3740,3,0
3741,3,0
3742,3,0
3743,3,0
3744,3,0
3745,3,0
3746,3,0
3747,3,0
3748,3,0
3749,3,0
3750,3,0
3751,3,0
3752,3,0
3753,3,0
3754,3,0
3755,3,0
3756,3,0
3757,3,0
3758,3,0
3759,3,0
3760,3,0
3761,3,0
3762,3,0
3763,3,0
3764,3,0
3765,3,0
3766,3,0
3767,3,0
3768,3,0
3769,3,0
3770,3,0
3771,3,0
3772,3,0
3773,3,0
3774,3,0
3775,3,0
3776,3,0
3777,3,0
3778,3,0
3779,3,0
3780,3,0
3781,3,0
3782,3,0
3783,3,0
3784,3,0
3785,3,0
3786,3,0
3787,3,0
3788,3,0
3789,3,0
3790,3,0
3791,3,0
3792,3,0
3793,3,0
3794,3,0
3795,3,0
3796,3,0
3797,3,0
3798,3,0
3799,3,0
3800,3,0
3801,3,0
3802,3,0
3803,3,0
3804,3,0
3805,3,0
3806,3,0
3807,3,0
3808,3,0
3809,3,0
3810,3,0
3811,3,0
3812,3,0
3813,3,0
3814,3,0
3815,3,0
3816,3,0
3817,3,0
3818,3,0
3819,3,0
3820,3,0
3821,3,0
3822,3,0
3823,3,0
3824,3,0
3825,3,0
3826,3,0
3827,3,0
3828,3,0
3829,3,0
3830,3,0
3831,3,0
3832,3,0
3833,3,0
3834,3,0
3835,3,0
3836,3,0
3837,3,0
3838,3,0
3839,3,0
3840,3,0
3841,3,0
3842,3,0
3843,3,0
3844,3,0
3845,3,0
3846,3,0
3847,3,0
3848,3,0
3849,3,0
3850,3,0
3851,3,0
3852,3,0
3853,3,0
3854,3,0
3855,3,0
3856,3,0
3857,3,0
3858,3,0
3859,3,0
3860,3,0
3861,3,0
3862,3,0
3863,3,0
3864,3,0
3865,3,0
3866,3,0
3867,3,0
3868,3,0
3869,3,0
3870,3,0
3871,3,0
3872,3,0
3873,3,0
3874,3,0
3875,3,0
3876,3,0
3877,3,0
3878,3,0
3879,3,0
3880,3,0
3881,3,0
3882,3,0
3883,3,0
3884,3,0
3885,3,0
3886,3,0
3887,3,0
3888,3,0
3889,3,0
3890,3,0
3891,3,0
3892,3,0
3893,3,0
3894,3,0
3895,3,0
3896,3,0
3897,3,0
3898,3,0
3899,3,0
3900,3,0
3901,3,0
3902,3,0
3903,3,0
3904,3,0
3905,3,0
3906,3,0
3907,3,0
3908,3,0
3909,3,0
3910,3,0
3911,3,0
3912,3,0
3913,3,0
3914,3,0
3915,3,0
3916,3,0
3917,3,0
3918,3,0
3919,3,0
3920,3,0
3921,3,0
3922,3,0
3923,3,0
3924,3,0
3925,3,0
3926,3,0
3927,3,0
3928,3,0
3929,3,0
3930,3,0
3931,3,0
3932,3,0
3933,3,0
3934,3,0
3935,3,0
3936,3,0
3937,3,0
3938,3,0
3939,3,0
3940,3,0
3941,3,0
3942,3,0
3943,3,0
3944,3,0
3945,3,0
3946,3,0
3947,3,0
3948,3,0
3949,3,0
3950,3,0
3951,3,0
3952,3,0
3953,3,0
3954,3,0
3955,3,0
3956,3,0
3957,3,0
3958,3,0
3959,3,0
3960,3,0
3961,3,0
3962,3,0
3963,3,0
3964,3,0
3965,3,0
3966,3,0
3967,3,0
3968,3,0
3969,3,0
3970,3,0
3971,3,0
3972,3,0
3973,3,0
3974,3,0
3975,3,0
3976,3,0
3977,3,0
3978,3,0
3979,3,0
3980,3,0
3981,3,0
3982,3,0
3983,3,0
3984,3,0
3985,3,0
3986,3,0
3987,3,0
3988,3,0
3989,3,0
3990,3,0
3991,3,0
3992,3,0
3993,3,0
3994,3,0
3995,3,0
3996,3,0
3997,3,0
3998,3,0
3999,3,0
4000,3,0
4001,3,0
4002,3,0
4003,3,0
4004,3,0
4005,3,0
4006,3,0
4007,3,0
4008,3,0
4009,3,0
4010,3,0
4011,3,0
4012,3,0
4013,3,0
4014,3,0
4015,3,0
4016,3,0
4017,3,0
4018,3,0
4019,3,0
4020,3,0
4021,3,0
4022,3,0
4023,3,0
4024,3,0
4025,3,0
4026,3,0
4027,3,0
4028,3,0
4029,3,0
4030,3,0
