index,y_true,y_pred
0,0,0
1,0,0
2,0,0
3,0,0
4,0,0
5,0,0
6,0,0
7,0,0
8,0,0
9,0,0
10,0,0
11,0,0
12,0,0
13,0,0
14,0,0
15,0,0
16,0,0
17,0,0
18,0,0
19,0,0
20,0,0
21,0,0
22,0,0
23,0,0
24,0,0
25,0,0
26,0,0
27,0,0
28,0,0
29,0,0
30,0,0
31,0,0
32,0,0
33,0,0
34,0,0
35,0,0
36,0,0
37,0,0
38,0,0
39,0,0
40,0,0
41,0,0
42,0,0
43,0,0
44,0,0
45,0,0
46,0,0
47,0,0
48,0,0
49,0,0
50,0,0
51,0,0
52,0,0
53,0,0
54,0,0
55,0,0
56,0,0
57,0,0
58,0,0
59,0,0
60,0,0
61,0,0
62,0,0
63,0,0
64,0,0
65,0,0
66,0,0
67,0,0
68,0,0
69,0,0
70,0,0
71,0,0
72,0,0
73,0,0
74,0,0
75,0,0
76,0,0
77,0,0
78,0,0
79,0,0
80,0,0
81,0,0
82,0,0
83,0,0
84,0,0
85,0,0
86,0,0
87,0,0
88,0,0
89,0,0
90,0,0
91,0,0
92,0,0
93,0,0
94,0,0
95,0,0
96,0,0
97,0,0
98,0,0
99,0,0
100,0,0
101,0,0
102,0,0
103,0,0
104,0,0
105,0,0
106,0,0
107,0,0
108,0,0
109,0,0
110,0,0
111,0,0
112,0,0
113,0,0
114,0,0
115,0,0
116,0,0
117,0,0
118,0,0
119,0,0
120,0,0
121,0,0
122,0,0
123,0,0
124,0,0
125,0,0
126,0,0
127,0,0
128,0,0
129,0,0
130,0,0
131,0,0
132,0,0
133,0,0
134,0,0
135,0,0
136,0,0
137,0,0
138,0,0
139,0,0
140,0,0
141,0,0
142,0,0
143,0,0
144,0,0
145,0,0
146,0,0
147,0,0
148,0,0
149,0,0
150,0,0
151,0,0
152,0,0
153,0,0
154,0,0
155,0,0
156,0,0
157,0,0
158,0,0
159,0,0
160,0,0
161,0,0
162,0,0
163,0,0
164,0,0
165,0,0
166,0,0
167,0,0
168,0,0
169,0,0
170,0,0
171,0,0
172,0,0
173,0,0
174,0,0
175,0,0
176,0,0
177,0,0
178,0,0
179,0,0
180,0,0
181,0,0
182,0,0
183,0,0
184,0,0
185,0,0
186,0,0
187,0,0
188,0,0
189,0,0
190,0,0
191,0,0
192,0,0
193,0,0
194,0,0
195,0,0
196,0,0
197,0,0
198,0,0
199,0,0
200,0,0
201,0,0
202,0,0
203,0,0
204,0,0
205,0,0
206,0,0
207,0,0
208,0,0
209,0,0
210,0,0
211,0,0
212,0,0
213,0,0
214,0,0
215,0,0
216,0,0
217,0,0
218,0,0
219,0,0
220,0,0
221,0,0
222,0,0
223,0,0
224,0,0
225,0,0
226,0,0
227,0,0
228,0,0
229,0,0
230,0,0
231,0,0
232,0,0
233,0,0
234,0,0
235,0,0
236,0,0
237,0,0
238,0,0
239,0,0
240,0,0
241,0,0
242,0,0
243,0,0
244,0,0
245,0,0
246,0,0
247,0,0
248,0,0
249,0,0
250,0,0
251,0,0
252,0,0
253,0,0
254,0,0
255,0,0
256,0,0
257,0,0
258,0,0
259,0,0
260,0,0
261,0,0
262,0,0
263,0,0
264,0,0
265,0,0
266,0,0
267,0,0
268,0,0
269,0,0
270,0,0
271,0,0
272,0,0
273,0,0
274,0,0
275,0,0
276,0,0
277,0,0
278,0,0
279,0,0
280,0,0
281,0,0
282,0,0
283,0,0
284,0,0
285,0,0
286,0,0
287,0,0
288,0,0
289,0,0
290,0,0
291,0,0
292,0,0
293,0,0
294,0,0
295,0,0
296,0,0
297,0,0
298,0,0
299,0,0
300,0,0
301,0,0
302,0,0
303,0,0
304,0,0
305,0,0
306,0,0
307,0,0
308,0,0
309,0,0
310,0,0
311,0,0
312,0,0
313,0,0
314,0,0
315,0,0
316,0,0
317,0,0
318,0,0
319,0,0
320,0,0
321,0,0
322,0,0
323,0,0
324,0,0
325,0,0
326,0,0
327,0,0
328,0,0
329,0,0
330,0,0
331,0,0
332,0,0
333,0,0
334,0,0
335,0,0
336,0,0
337,0,0
338,0,0
339,0,0
340,0,0
341,0,0
342,0,0
343,0,0
344,0,0
345,0,0
346,0,0
347,0,0
348,0,0
349,0,0
350,0,0
351,0,0
352,0,0
353,0,0
354,0,0
355,0,0
356,0,0
357,0,0
358,0,0
359,0,0
360,0,0
361,0,0
362,0,0
363,0,0
364,0,0
365,0,0
366,0,0
367,0,0
368,0,0
369,0,0
370,0,0
371,0,0
372,0,0
373,0,0
374,0,0
375,0,0
376,0,0
377,0,0
378,0,0
379,0,0
380,0,0
381,0,0
382,0,0
383,0,0
384,0,0
385,0,0
386,0,0
387,0,0
388,0,0
389,0,0
390,0,0
391,0,0
392,0,0
393,0,0
394,0,0
395,0,0
396,0,0
397,0,0
398,0,0
399,0,0
400,0,1
401,0,1
402,0,1
403,0,1
404,0,1
405,0,1
406,0,1
407,0,1
408,0,1
409,0,1
410,0,1
411,0,1
412,0,1
413,0,1
414,0,1
415,0,1
416,0,1
417,0,1
418,0,1
419,0,1
420,0,1
421,0,1
422,0,1
423,0,1
424,0,1
425,0,1
426,0,1
427,0,1
428,0,1
429,0,1
430,0,1
431,0,1
432,0,1
433,0,1
434,0,1
435,0,1
436,0,1
437,0,1
438,0,1
439,0,1
440,0,1
441,0,1
442,0,1
443,0,1
444,0,1
445,0,1
446,0,1
447,0,1
448,0,1
449,0,1
450,0,1
451,0,1
452,0,1
453,0,1
454,0,1
455,0,1
456,0,1
457,0,1
458,0,1
459,0,1
460,0,1
461,0,1
462,0,1
463,0,1
464,0,1
465,0,1
466,0,1
467,0,1
468,0,1
469,0,1
470,0,1
471,0,1
472,0,1
473,0,1
474,0,1
475,0,1
476,0,1
477,0,1
478,0,1
479,0,1
480,0,1
481,0,1
482,0,1
483,0,1
484,0,1
485,0,1
486,0,1
487,0,1
488,0,1
489,0,1
490,0,1
491,0,1
492,0,1
493,0,1
494,0,1
495,0,1
496,0,1
497,0,1
498,0,1
499,0,1
500,0,1
501,0,1
502,0,1
503,0,1
504,0,1
505,0,1
506,0,1
507,0,1
508,0,1
509,0,1
510,0,1
511,0,1
512,0,1
513,0,1
514,0,1
515,0,1
516,0,1
517,0,1
518,0,1
519,0,1
520,0,1
521,0,1
522,0,1
523,0,1
524,0,1
525,0,1
526,0,1
527,0,1
528,0,1
529,0,1
530,0,1
531,0,1
532,0,1
533,0,1
534,0,1
535,0,1
536,0,1
537,0,1
538,0,1
539,0,1
540,0,1
541,0,1
542,0,1
543,0,1
544,0,1
545,0,1
546,0,1
547,0,1
548,0,1
549,0,1
550,0,1
551,0,1
552,0,1
553,0,1
554,0,1
555,0,1
556,0,1
557,0,1
558,0,1
559,0,1
560,0,1
561,0,1
562,0,1
563,0,1
564,0,1
565,0,1
566,0,1
567,0,1
568,0,1
569,0,1
570,0,1
571,0,1
572,0,1
573,0,1
574,0,1
575,0,1
576,0,1
577,0,1
578,0,1
579,0,1
580,0,1
581,0,1
582,0,1
583,0,1
584,0,1
585,0,1
586,0,1
587,0,1
588,0,1
589,0,1
590,0,1
591,0,1
592,0,1
593,0,1
594,0,1
595,0,1
596,0,1
597,0,1
598,0,1
599,0,1
600,0,1
601,0,1
602,0,1
603,0,1
604,0,1
605,0,1
606,0,1
607,0,1
608,0,1
609,0,1
610,0,1
611,0,1
612,0,1
613,0,1
614,0,1
615,0,1
616,0,1
617,0,1
618,0,1
619,0,1
620,0,1
621,0,1
622,0,1
623,0,1
624,0,1
625,0,1
626,0,1
627,0,1
628,0,1
629,0,1
630,0,1
631,0,1
632,0,1
633,0,1
634,0,1
635,0,1
636,0,1
637,0,1
638,0,1
639,0,1
640,0,1
641,0,1
642,0,1
643,0,1
644,0,1
645,0,1
646,0,1
647,0,1
648,0,1
649,0,1
650,0,1
651,0,1
652,0,1
653,0,1
654,0,1
655,0,1
656,0,1
657,0,1
658,0,1
659,0,1
660,0,1
661,0,1
662,0,1
663,0,1
664,0,1
665,0,1
666,0,1
667,0,1
668,0,1
669,0,1
670,0,1
671,0,1
672,0,1
673,0,1
674,0,1
675,0,1
676,0,1
677,0,1
678,0,1
679,0,1
680,0,1
681,0,1
682,0,1
683,0,1
684,0,1
685,0,1
686,0,1
687,0,1
688,0,1
689,0,1
690,0,1
691,0,1
692,0,1
693,0,1
694,0,1
695,0,1
696,0,1
697,0,1
698,0,1
699,0,1
700,0,1
701,0,1
702,0,1
703,0,1
704,0,1
705,0,1
706,0,1
707,0,1
708,0,1
709,0,1
710,0,1
711,0,1
712,0,1
713,0,1
714,0,1
715,0,1
716,0,1
717,0,1
718,0,1
719,0,1
720,0,1
721,0,1
722,0,1
723,0,1
724,0,1
725,0,1
726,0,1
727,0,1
728,0,1
729,0,1
730,0,1
731,0,1
732,0,1
733,0,1
734,0,1
735,0,1
736,0,1
737,0,1
738,0,1
739,0,1
740,0,1
741,0,1
742,0,1
743,0,1
744,0,1
745,0,1
746,0,1
747,0,1
748,0,1
749,0,1
750,0,1
751,0,1
752,0,1
753,0,1
754,0,1
755,0,1
756,0,1
757,0,1
758,0,1
759,0,1
760,0,1
761,0,1
762,0,1
763,0,1
764,0,1
765,0,1
766,0,1
767,0,1
768,0,1
769,0,1
770,0,1
771,0,1
772,0,1
773,0,1
774,0,1
775,0,1
776,0,1
777,0,1
778,0,1
779,0,1
780,0,1
781,0,1
782,0,1
783,0,1
784,0,1
785,0,1
786,0,1
787,0,1
788,0,1
789,0,1
790,0,1
791,0,1
792,0,1
793,0,1
794,0,1
795,0,1
796,0,1
797,0,1
798,0,1
799,0,1
800,0,2
801,0,2
802,0,2
803,0,2
804,0,2
805,0,2
806,0,2
807,0,2
808,0,2
809,0,2
810,0,2
811,0,2
812,0,2
813,0,2
814,0,2
815,0,2
816,0,2
817,0,2
818,0,2
819,0,2
820,0,2
821,0,2
822,0,2
823,0,2
824,0,2
825,0,2
826,0,2
827,0,2
828,0,2
829,0,2
830,0,2
831,0,2
832,0,2
833,0,2
834,0,2
835,0,2
836,0,2
837,0,2
838,0,2
839,0,2
840,0,2
841,0,2
842,0,2
843,0,2
844,0,2
845,0,2
846,0,2
847,0,2
848,0,2
849,0,2
850,0,2
851,0,2
852,0,2
853,0,2
854,0,2
855,0,2
856,0,2
857,0,2
858,0,2
859,0,2
860,0,2
861,0,2
862,0,2
863,0,2
864,0,2
865,0,2
866,0,2
867,0,2
868,0,2
869,0,2
870,0,2
871,0,2
872,0,2
873,0,2
874,0,2
875,0,2
876,0,2
877,0,2
878,0,2
879,0,2
880,0,2
881,0,2
882,0,2
883,0,2
884,0,2
885,0,2
886,0,2
887,0,2
888,0,2
889,0,2
890,0,2
891,0,2
892,0,2
893,0,2
894,0,2
895,0,2
896,0,2
897,0,2
898,0,2
899,0,2
900,0,2
901,0,2
902,0,2
903,0,2
904,0,2
905,0,2
906,0,2
907,0,2
908,0,2
909,0,2
910,0,2
911,0,2
912,0,2
913,0,2
914,0,2
915,0,2
916,0,2
917,0,2
918,0,2
919,0,2
920,0,2
921,0,2
922,0,2
923,0,2
924,0,2
925,0,2
926,0,2
927,0,2
928,0,2
929,0,2
930,0,2
931,0,2
932,0,2
933,0,2
934,0,2
935,0,2
936,0,2
937,0,2
938,0,2
939,0,2
940,0,2
941,0,2
942,0,2
943,0,2
944,0,2
945,0,2
946,0,2
947,0,2
948,0,2
949,0,2
950,0,2
951,0,2
952,0,2
953,0,2
954,0,2
955,0,2
956,0,2
957,0,2
958,0,2
959,0,2
960,0,2
961,0,2
962,0,2
963,0,2
964,0,2
965,0,2
966,0,2
967,0,2
968,0,2
969,0,2
970,0,2
971,0,2
972,0,2
973,0,2
974,0,2
975,0,2
976,0,2
977,0,2
978,0,2
979,0,2
980,0,2
981,0,2
982,0,2
983,0,2
984,0,2
985,0,2
986,0,2
987,0,2
988,0,2
989,0,2
990,0,2
991,0,2
992,0,2
993,0,2
994,0,2
995,0,2
996,0,2
997,0,2
998,0,2
999,0,2
1000,0,2
1001,0,2
1002,0,2
1003,0,2
1004,0,2
1005,0,2
1006,0,2
1007,0,2
1008,0,2
1009,0,2
1010,0,2
1011,0,2
1012,0,2
1013,0,2
1014,0,2
1015,0,2
1016,0,2
1017,0,2
1018,0,2
1019,0,2
1020,0,2
1021,0,2
1022,0,2
1023,0,2
1024,0,2
1025,0,2
1026,0,2
1027,0,2
1028,0,2
1029,0,2
1030,0,2
1031,0,2
1032,0,2
1033,0,2
1034,0,2
1035,0,2
1036,0,2
1037,0,2
1038,0,2
1039,0,2
1040,0,2
1041,0,2
1042,0,2
1043,0,2
1044,0,2
1045,0,2
1046,0,2
1047,0,2
1048,0,2
1049,0,2
1050,0,2
1051,0,2
1052,0,2
1053,0,2
1054,0,2
1055,0,2
1056,0,2
1057,0,2
1058,0,2
1059,0,2
1060,0,2
1061,0,2
1062,0,2
1063,0,2
1064,0,2
1065,0,2
1066,0,2
1067,0,2
1068,0,2
1069,0,2
1070,0,2
1071,0,2
1072,0,2
1073,0,2
1074,0,2
1075,0,2
1076,0,2
1077,0,2
1078,0,2
1079,0,2
1080,0,2
1081,0,2
1082,0,2
1083,0,2
1084,0,2
1085,0,2
1086,0,2
1087,0,2
1088,0,2
1089,0,2
1090,0,2
1091,0,2
1092,0,2
1093,0,2
1094,0,2
1095,0,2
1096,0,2
1097,0,2
1098,0,2
1099,0,2
1100,0,2
1101,0,2
1102,0,2
1103,0,2
1104,0,2
1105,0,2
1106,0,2
1107,0,2
1108,0,2
1109,0,2
1110,0,2
1111,0,2
1112,0,2
1113,0,2
1114,0,2
1115,0,2
1116,0,2
1117,0,2
1118,0,2
1119,0,2
1120,0,2
1121,0,2
1122,0,2
1123,0,2
1124,0,2
1125,0,2
1126,0,2
1127,0,2
1128,0,2
1129,0,2
1130,0,2
1131,0,2
1132,0,2
1133,0,2
1134,0,2
1135,0,2
1136,0,2
1137,0,2
1138,0,2
1139,0,2
1140,0,2
1141,0,2
1142,0,2
1143,0,2
1144,0,2
1145,0,2
1146,0,2
1147,0,2
1148,0,2
1149,0,2
1150,0,2
1151,0,2
1152,0,2
1153,0,2
1154,0,2
1155,0,2
1156,0,2
1157,0,2
1158,0,2
1159,0,2
1160,0,2
1161,0,2
1162,0,2
1163,0,2
1164,0,2
1165,0,2
1166,0,2
1167,0,2
1168,0,2
1169,0,2
1170,0,2
1171,0,2
1172,0,2
1173,0,2
1174,0,2
1175,0,2
1176,0,2
1177,0,2
1178,0,2
1179,0,2
1180,0,2
1181,0,2
1182,0,2
1183,0,2
1184,0,2
1185,0,2
1186,0,2
1187,0,2
1188,0,2
1189,0,2
1190,0,2
1191,0,2
1192,0,2
1193,0,2
1194,0,2
1195,0,2
1196,0,2
1197,0,2
1198,0,2
1199,0,2
1200,0,0
1201,0,0
1202,0,0
1203,0,0
1204,0,0
1205,0,0
1206,0,0
1207,0,0
1208,0,0
1209,0,0
1210,0,0
1211,0,0
1212,0,0
1213,0,0
1214,0,0
1215,0,0
1216,0,0
1217,0,0
1218,0,0
1219,0,0
1220,0,0
1221,0,0
1222,0,0
1223,0,0
1224,0,0
1225,0,0
1226,0,0
1227,0,0
1228,0,0
1229,0,0
1230,0,0
1231,0,0
1232,0,0
1233,0,0
1234,0,0
1235,0,0
1236,0,0
1237,0,0
1238,0,0
1239,0,0
1240,0,0
1241,0,0
1242,0,0
1243,0,0
1244,0,0
1245,0,0
1246,0,0
1247,0,0
1248,0,0
1249,0,0
1250,0,0
1251,0,0
1252,0,0
1253,0,0
1254,0,0
1255,0,0
1256,0,0
1257,0,0
1258,0,0
1259,0,0
1260,0,0
1261,0,0
1262,0,0
1263,0,0
1264,0,0
1265,0,0
1266,0,0
1267,0,0
1268,0,0
1269,0,0
1270,0,0
1271,0,0
1272,0,0
1273,0,0
1274,0,0
1275,0,0
1276,0,0
1277,0,0
1278,0,0
1279,0,0
1280,0,0
1281,0,0
1282,0,0
1283,0,0
1284,0,0
1285,0,0
1286,0,0
1287,0,0
1288,0,0
1289,0,0
1290,0,0
1291,0,0
1292,0,0
1293,0,0
1294,0,0
1295,0,0
1296,0,0
1297,0,0
1298,0,0
1299,0,0
1300,0,0
1301,0,0
1302,0,0
1303,0,0
1304,0,0
1305,0,0
1306,0,0
1307,0,0
1308,0,0
1309,0,0
1310,0,0
1311,0,0
1312,0,0
1313,0,0
1314,0,0
1315,0,0
1316,0,0
1317,0,0
1318,0,0
1319,0,0
1320,0,0
1321,0,0
1322,0,0
1323,0,0
1324,0,0
1325,0,0
1326,0,0
1327,0,0
1328,0,0
1329,0,0
1330,0,0
1331,0,0
1332,0,0
1333,0,0
1334,0,0
1335,0,0
1336,0,0
1337,0,0
1338,0,0
1339,0,0
1340,0,0
1341,0,0
1342,0,0
1343,0,0
1344,0,0
1345,0,0
1346,0,0
1347,0,0
1348,0,0
1349,0,0
1350,0,0
1351,0,0
1352,0,0
1353,0,0
1354,0,0
1355,0,0
1356,0,0
1357,0,0
1358,0,0
1359,0,0
1360,0,0
1361,0,0
1362,0,0
1363,0,0
1364,0,0
1365,0,0
1366,0,0
1367,0,0
1368,0,0
1369,0,0
1370,0,0
1371,0,0
1372,0,0
1373,0,0
1374,0,0
1375,0,0
1376,0,0
1377,0,0
1378,0,0
1379,0,0
1380,0,0
1381,0,0
1382,0,0
1383,0,0
1384,0,0
1385,0,0
1386,0,0
1387,0,0
1388,0,0
1389,0,0
1390,0,0
1391,0,0
1392,0,0
1393,0,0
1394,0,0
1395,0,0
1396,0,0
1397,0,0
1398,0,0
1399,0,0
1400,0,0
1401,0,0
1402,0,0
1403,0,0
1404,0,0
1405,0,0
1406,0,0
1407,0,0
1408,0,0
1409,0,0
1410,0,0
1411,0,0
1412,0,0
1413,0,0
1414,0,0
1415,0,0
1416,0,0
1417,0,0
1418,0,0
1419,0,0
1420,0,0
1421,0,0
1422,0,0
1423,0,0
1424,0,0
1425,0,0
1426,0,0
1427,0,0
1428,0,0
1429,0,0
1430,0,0
1431,0,0
1432,0,0
1433,0,0
1434,0,0
1435,0,0
1436,0,0
1437,0,0
1438,0,0
1439,0,0
1440,0,0
1441,0,0
1442,0,0
1443,0,0
1444,0,0
1445,0,0
1446,0,0
1447,0,0
1448,0,0
1449,0,0
1450,0,0
1451,0,0
1452,0,0
1453,0,0
1454,0,0
1455,0,0
1456,0,0
1457,0,0
1458,0,0
1459,0,0
1460,0,0
1461,0,0
1462,0,0
1463,0,0
1464,0,0
1465,0,0
1466,0,0
1467,0,0
1468,0,0
1469,0,0
1470,0,0
1471,0,0
1472,0,0
1473,0,0
1474,0,0
1475,0,0
1476,0,0
1477,0,0
1478,0,0
1479,0,0
1480,0,0
1481,0,0
1482,0,0
1483,0,0
1484,0,0
1485,0,0
1486,0,0
1487,0,0
1488,0,0
1489,0,0
1490,0,0
1491,0,0
1492,0,0
1493,0,0
1494,0,0
1495,0,0
1496,0,0
1497,0,0
1498,0,0
1499,0,0
1500,0,0
1501,0,0
1502,0,0
1503,0,0
1504,0,0
1505,0,0
1506,0,0
1507,0,0
1508,0,0
1509,0,0
1510,0,0
1511,0,0
1512,0,0
1513,0,0
1514,0,0
1515,0,0
1516,0,0
1517,0,0
1518,0,0
1519,0,0
1520,0,0
1521,0,0
1522,0,0
1523,0,0
1524,0,0
1525,0,0
1526,0,0
1527,0,0
1528,0,0
1529,0,0
1530,0,0
1531,0,0
1532,0,0
1533,0,0
1534,0,0
1535,0,0
1536,0,0
1537,0,0
1538,0,0
1539,0,0
1540,0,0
1541,0,0
1542,0,0
1543,0,0
1544,0,0
1545,0,0
1546,0,0
1547,0,0
1548,0,0
1549,0,0
1550,0,0
1551,0,0
1552,0,0
1553,0,0
1554,0,0
1555,0,0
1556,0,0
1557,0,0
1558,0,0
1559,0,0
1560,0,0
1561,0,0
1562,0,0
1563,0,0
1564,0,0
1565,0,0
1566,0,0
1567,0,0
1568,0,0
1569,0,0
1570,0,0
1571,0,0
1572,0,0
1573,0,0
1574,0,0
1575,0,0
1576,0,0
1577,0,0
1578,0,0
1579,0,0
1580,0,0
1581,0,0
1582,0,0
1583,0,0
1584,0,0
1585,0,0
1586,0,0
1587,0,0
1588,0,0
1589,0,0
1590,0,0
1591,0,0
1592,0,0
1593,0,0
1594,0,0
1595,0,0
1596,0,0
1597,0,0
1598,0,0
1599,0,0
1600,0,0
1601,0,0
1602,0,0
1603,0,0
1604,0,0
1605,0,0
1606,0,0
1607,0,0
1608,0,0
1609,0,0
1610,0,0
1611,0,0
1612,0,0
1613,0,0
1614,0,0
1615,0,0
1616,0,0
1617,0,0
1618,0,0
1619,0,0
1620,0,0
1621,0,0
1622,0,0
1623,0,0
1624,0,0
1625,0,0
1626,0,0
1627,0,0
1628,0,0
1629,0,0
1630,0,0
1631,0,0
1632,0,0
1633,0,0
1634,0,0
1635,0,0
1636,0,0
1637,0,0
1638,0,0
1639,0,0
1640,0,0
1641,0,0
1642,0,0
1643,0,0
1644,0,0
1645,0,0
1646,0,0
1647,0,0
1648,0,0
1649,0,0
1650,0,0
1651,0,0
1652,0,0
1653,0,0
1654,0,0
1655,0,0
1656,0,0
1657,0,0
1658,0,0
1659,0,0
1660,0,0
1661,0,0
1662,0,0
1663,0,0
1664,0,0
1665,0,0
1666,0,0
1667,0,0
1668,0,0
1669,0,0
1670,0,0
1671,0,0
1672,0,0
1673,0,0
1674,0,0
1675,0,0
1676,0,0
1677,0,0
1678,0,0
1679,0,0
1680,0,0
1681,0,0
1682,0,0
1683,0,0
1684,0,0
1685,0,0
1686,0,0
1687,0,0
1688,0,0
1689,0,0
1690,0,0
1691,0,0
1692,0,0
1693,0,0
1694,0,0
1695,0,0
1696,0,0
1697,0,0
1698,0,0
1699,0,0
1700,0,0
1701,0,0
1702,0,0
1703,0,0
1704,0,0
1705,0,0
1706,0,0
1707,0,0
1708,0,0
1709,0,0
1710,0,0
1711,0,0
1712,0,0
1713,0,0
1714,0,0
1715,0,0
1716,0,0
1717,0,0
1718,0,0
1719,0,0
1720,0,0
1721,0,0
1722,0,0
1723,0,0
1724,0,0
1725,0,0
1726,0,0
1727,0,0
1728,0,0
1729,0,0
1730,0,0
1731,0,0
1732,0,0
1733,0,0
1734,0,0
1735,0,0
1736,0,0
1737,0,0
1738,0,0
1739,0,0
1740,0,0
1741,0,0
1742,0,0
1743,0,0
1744,0,0
1745,0,0
1746,0,0
1747,0,0
1748,0,0
1749,0,0
1750,0,0
1751,0,0
1752,0,0
1753,0,0
1754,0,0
1755,0,0
1756,0,0
1757,0,0
1758,0,0
1759,0,0
1760,0,0
1761,0,0
1762,0,0
1763,0,0
1764,0,0
1765,0,0
1766,0,0
1767,0,0
1768,0,0
1769,0,0
1770,0,0
1771,0,0
1772,0,0
1773,0,0
1774,0,0
1775,0,0
1776,0,0
1777,0,0
1778,0,0
1779,0,0
1780,0,0
1781,0,0
1782,0,0
1783,0,0
1784,0,0
1785,0,0
1786,0,0
1787,0,0
1788,0,0
1789,0,0
1790,0,0
1791,0,0
1792,0,0
1793,0,0
1794,0,0
1795,0,0
1796,0,0
1797,0,0
1798,0,0
1799,0,0
1800,0,0
1801,0,0
1802,0,0
1803,0,0
1804,0,0
1805,0,0
1806,0,0
1807,0,0
1808,0,0
1809,0,0
1810,0,0
1811,0,0
1812,0,0
1813,0,0
1814,0,0
1815,0,0
1816,0,0
1817,0,0
1818,0,0
1819,0,0
1820,0,0
1821,0,0
1822,0,0
1823,0,0
1824,0,0
1825,0,0
1826,0,0
1827,0,0
1828,0,0
1829,0,0
1830,0,0
1831,0,0
1832,0,0
1833,0,0
1834,0,0
1835,0,0
1836,0,0
1837,0,0
1838,0,0
1839,0,0
1840,0,0
1841,0,0
1842,0,0
1843,0,0
1844,0,0
1845,0,0
1846,0,0
1847,0,0
1848,0,0
1849,0,0
1850,0,0
1851,0,0
1852,0,0
1853,0,0
1854,0,0
1855,0,0
1856,0,0
1857,0,0
1858,0,0
1859,0,0
1860,0,0
1861,0,0
1862,0,0
1863,0,0
1864,0,0
1865,0,0
1866,0,0
1867,0,0
1868,0,0
1869,0,0
1870,0,0
1871,0,0
1872,0,0
1873,0,0
1874,0,0
1875,0,0
1876,0,0
1877,0,0
1878,0,0
1879,0,0
1880,0,0
1881,0,0
1882,0,0
1883,0,0
1884,0,0
1885,0,0
1886,0,0
1887,0,0
1888,0,0
1889,0,0
1890,0,0
1891,0,0
1892,0,0
1893,0,0
1894,0,0
1895,0,0
1896,0,0
1897,0,0
1898,0,0
1899,0,0
1900,0,0
1901,0,0
1902,0,0
1903,0,0
1904,0,0
1905,0,0
1906,0,0
1907,0,0
1908,0,0
1909,0,0
1910,0,0
1911,0,0
1912,0,0
1913,0,0
1914,0,0
1915,0,0
1916,0,0
1917,0,0
1918,0,0
1919,0,0
1920,0,0
1921,0,0
1922,0,0
1923,0,0
1924,0,0
1925,0,0
1926,0,0
1927,0,0
1928,0,0
1929,0,0
1930,0,0
1931,0,0
1932,0,0
1933,0,0
1934,0,0
1935,0,0
1936,0,0
1937,0,0
1938,0,0
1939,0,0
1940,0,0
1941,0,0
1942,0,0
1943,0,0
1944,0,0
1945,0,0
1946,0,0
1947,0,0
1948,0,0
1949,0,0
1950,0,0
1951,0,0
1952,0,0
1953,0,0
1954,0,0
1955,0,0
1956,0,0
1957,0,0
1958,0,0
1959,0,0
1960,0,0
1961,0,0
1962,0,0
1963,0,0
1964,0,0
1965,0,0
1966,0,0
1967,0,0
1968,0,0
1969,0,0
1970,0,0
1971,0,0
1972,0,0
1973,0,0
1974,0,0
1975,0,0
1976,0,0
1977,0,0
1978,0,0
1979,0,0
1980,0,0
1981,0,0
1982,0,0
1983,0,0
1984,0,0
1985,0,0
1986,0,0
1987,0,0
1988,0,0
1989,0,0
1990,0,0
1991,0,0
1992,0,0
1993,0,0
1994,0,0
1995,0,0
1996,0,0
1997,0,0
1998,0,0
1999,0,0
2000,0,2
2001,0,2
2002,0,2
2003,0,2
2004,0,2
2005,0,2
2006,0,2
2007,0,2
2008,0,2
2009,0,2
2010,0,2
2011,0,2
2012,0,2
2013,0,2
2014,0,2
2015,0,2
2016,0,2
2017,0,2
2018,0,2
2019,0,2
2020,0,2
2021,0,2
2022,0,2
2023,0,2
2024,0,2
2025,0,2
2026,0,2
2027,0,2
2028,0,2
2029,0,2
2030,0,2
2031,0,2
2032,0,2
2033,0,2
2034,0,2
2035,0,2
2036,0,2
2037,0,2
2038,0,2
2039,0,2
2040,0,2
2041,0,2
2042,0,2
2043,0,2
2044,0,2
2045,0,2
2046,0,2
2047,0,2
2048,0,2
2049,0,2
2050,0,2
2051,0,2
2052,0,2
2053,0,2
2054,0,2
2055,0,2
2056,0,2
2057,0,2
2058,0,2
2059,0,2
2060,0,2
2061,0,2
2062,0,2
2063,0,2
2064,0,2
2065,0,2
2066,0,2
2067,0,2
2068,0,2
2069,0,2
2070,0,2
2071,0,2
2072,0,2
2073,0,2
2074,0,2
2075,0,2
2076,0,2
2077,0,2
2078,0,2
2079,0,2
2080,0,2
2081,0,2
2082,0,2
2083,0,2
2084,0,2
2085,0,2
2086,0,2
2087,0,2
2088,0,2
2089,0,2
2090,0,2
2091,0,2
2092,0,2
2093,0,2
2094,0,2
2095,0,2
2096,0,2
2097,0,2
2098,0,2
2099,0,2
2100,0,2
2101,0,2
2102,0,2
2103,0,2
2104,0,2
2105,0,2
2106,0,2
2107,0,2
2108,0,2
2109,0,2
2110,0,2
2111,0,2
2112,0,2
2113,0,2
2114,0,2
2115,0,2
2116,0,2
2117,0,2
2118,0,2
2119,0,2
2120,0,2
2121,0,2
2122,0,2
2123,0,2
2124,0,2
2125,0,2
2126,0,2
2127,0,2
2128,0,2
2129,0,2
2130,0,2
2131,0,2
2132,0,2
2133,0,2
2134,0,2
2135,0,2
2136,0,2
2137,0,2
2138,0,2
2139,0,2
2140,0,2
2141,0,2
2142,0,2
2143,0,2
2144,0,2
2145,0,2
2146,0,2
2147,0,2
2148,0,2
2149,0,2
2150,0,2
2151,0,2
2152,0,2
2153,0,2
2154,0,2
2155,0,2
2156,0,2
2157,0,2
2158,0,2
2159,0,2
2160,0,2
2161,0,2
2162,0,2
2163,0,2
2164,0,2
2165,0,2
2166,0,2
2167,0,2
2168,0,2
2169,0,2
2170,0,2
2171,0,2
2172,0,2
2173,0,2
2174,0,2
2175,0,2
2176,0,2
2177,0,2
2178,0,2
2179,0,2
2180,0,2
2181,0,2
2182,0,2
2183,0,2
2184,0,2
2185,0,2
2186,0,2
2187,0,2
2188,0,2
2189,0,2
2190,0,2
2191,0,2
2192,0,2
2193,0,2
2194,0,2
2195,0,2
2196,0,2
2197,0,2
2198,0,2
2199,0,2
2200,0,2
2201,0,2
2202,0,2
2203,0,2
2204,0,2
2205,0,2
2206,0,2
2207,0,2
2208,0,2
2209,0,2
2210,0,2
2211,0,2
2212,0,2
2213,0,2
2214,0,2
2215,0,2
2216,0,2
2217,0,2
2218,0,2
2219,0,2
2220,0,2
2221,0,2
2222,0,2
2223,0,2
2224,0,2
2225,0,2
2226,0,2
2227,0,2
2228,0,2
2229,0,2
2230,0,2
2231,0,2
2232,0,2
2233,0,2
2234,0,2
2235,0,2
2236,0,2
2237,0,2
2238,0,2
2239,0,2
2240,0,2
2241,0,2
2242,0,2
2243,0,2
2244,0,2
2245,0,2
2246,0,2
2247,0,2
2248,0,2
2249,0,2
2250,0,2
2251,0,2
2252,0,2
2253,0,2
2254,0,2
2255,0,2
2256,0,2
2257,0,2
2258,0,2
2259,0,2
2260,0,2
2261,0,2
2262,0,2
2263,0,2
2264,0,2
2265,0,2
2266,0,2
2267,0,2
2268,0,2
2269,0,2
2270,0,2
2271,0,2
2272,0,2
2273,0,2
2274,0,2
2275,0,2
2276,0,2
2277,0,2
2278,0,2
2279,0,2
2280,0,2
2281,0,2
2282,0,2
2283,0,2
2284,0,2
2285,0,2
2286,0,2
2287,0,2
2288,0,2
2289,0,2
2290,0,2
2291,0,2
2292,0,2
2293,0,2
2294,0,2
2295,0,2
2296,0,2
2297,0,2
2298,0,2
2299,0,2
2300,0,2
2301,0,2
2302,0,2
2303,0,2
2304,0,2
2305,0,2
2306,0,2
2307,0,2
2308,0,2
2309,0,2
2310,0,2
2311,0,2
2312,0,2
2313,0,2
2314,0,2
2315,0,2
2316,0,2
2317,0,2
2318,0,2
2319,0,2
2320,0,2
2321,0,2
2322,0,2
2323,0,2
2324,0,2
2325,0,2
2326,0,2
2327,0,2
2328,0,2
2329,0,2
2330,0,2
2331,0,2
2332,0,2
2333,0,2
2334,0,2
2335,0,2
2336,0,2
2337,0,2
2338,0,2
2339,0,2
2340,0,2
2341,0,2
2342,0,2
2343,0,2
2344,0,2
2345,0,2
2346,0,2
2347,0,2
2348,0,2
2349,0,2
2350,0,2
2351,0,2
2352,0,2
2353,0,2
2354,0,2
2355,0,2
2356,0,2
2357,0,2
2358,0,2
2359,0,2
2360,0,2
2361,0,2
2362,0,2
2363,0,2
2364,0,2
2365,0,2
2366,0,2
2367,0,2
2368,0,2
2369,0,2
2370,0,2
2371,0,2
2372,0,2
2373,0,2
2374,0,2
2375,0,2
2376,0,2
2377,0,2
2378,0,2
2379,0,2
2380,0,2
2381,0,2
2382,0,2
2383,0,2
2384,0,2
2385,0,2
2386,0,2
2387,0,2
2388,0,2
2389,0,2
2390,0,2
2391,0,2
2392,0,2
2393,0,2
2394,0,2
2395,0,2
2396,0,2
2397,0,2
2398,0,2
2399,0,2
2400,0,0
2401,0,0
2402,0,0
2403,0,0
2404,0,0
2405,0,0
2406,0,0
2407,0,0
2408,0,0
2409,0,0
2410,0,0
2411,0,0
2412,0,0
2413,0,0
2414,0,0
2415,0,0
2416,0,0
2417,0,0
2418,0,0
2419,0,0
2420,0,0
2421,0,0
2422,0,0
2423,0,0
2424,0,0
2425,0,0
2426,0,0
2427,0,0
2428,0,0
2429,0,0
2430,0,0
2431,0,0
2432,0,0
2433,0,0
2434,0,0
2435,0,0
2436,0,0
2437,0,0
2438,0,0
2439,0,0
2440,0,0
2441,0,0
2442,0,0
2443,0,0
2444,0,0
2445,0,0
2446,0,0
2447,0,0
2448,0,0
2449,0,0
2450,0,0
2451,0,0
2452,0,0
2453,0,0
2454,0,0
2455,0,0
2456,0,0
2457,0,0
2458,0,0
2459,0,0
2460,0,0
2461,0,0
2462,0,0
2463,0,0
2464,0,0
2465,0,0
2466,0,0
2467,0,0
2468,0,0
2469,0,0
2470,0,0
2471,0,0
2472,0,0
2473,0,0
2474,0,0
2475,0,0
2476,0,0
2477,0,0
2478,0,0
2479,0,0
2480,0,0
2481,0,0
2482,0,0
2483,0,0
2484,0,0
2485,0,0
2486,0,0
2487,0,0
2488,0,0
2489,0,0
2490,0,0
2491,0,0
2492,0,0
2493,0,0
2494,0,0
2495,0,0
2496,0,0
2497,0,0
2498,0,0
2499,0,0
2500,0,0
2501,0,0
2502,0,0
2503,0,0
2504,0,0
2505,0,0
2506,0,0
2507,0,0
2508,0,0
2509,0,0
2510,0,0
2511,0,0
2512,0,0
2513,0,0
2514,0,0
2515,0,0
2516,0,0
2517,0,0
2518,0,0
2519,0,0
2520,0,0
2521,0,0
2522,0,0
2523,0,0
2524,0,0
2525,0,0
2526,0,0
2527,0,0
2528,0,0
2529,0,0
2530,0,0
2531,0,0
2532,0,0
2533,0,0
2534,0,0
2535,0,0
2536,0,0
2537,0,0
2538,0,0
2539,0,0
2540,0,0
2541,0,0
2542,0,0
2543,0,0
2544,0,0
2545,0,0
2546,0,0
2547,0,0
2548,0,0
2549,0,0
2550,0,0
2551,0,0
2552,0,0
2553,0,0
2554,0,0
2555,0,0
2556,0,0
2557,0,0
2558,0,0
2559,0,0
2560,0,0
2561,0,0
2562,0,0
2563,0,0
2564,0,0
2565,0,0
2566,0,0
2567,0,0
2568,0,0
2569,0,0
2570,0,0
2571,0,0
2572,0,0
2573,0,0
2574,0,0
2575,0,0
2576,0,0
2577,0,0
2578,0,0
2579,0,0
2580,0,0
2581,0,0
2582,0,0
2583,0,0
2584,0,0
2585,0,0
2586,0,0
2587,0,0
2588,0,0
2589,0,0
2590,0,0
2591,0,0
2592,0,0
2593,0,0
2594,0,0
2595,0,0
2596,0,0
2597,0,0
2598,0,0
2599,0,0
2600,0,0
2601,0,0
2602,0,0
2603,0,0
2604,0,0
2605,0,0
2606,0,0
2607,0,0
2608,0,0
2609,0,0
2610,0,0
2611,0,0
2612,0,0
2613,0,0
2614,0,0
2615,0,0
2616,0,0
2617,0,0
2618,0,0
2619,0,0
2620,0,0
2621,0,0
2622,0,0
2623,0,0
2624,0,0
2625,0,0
2626,0,0
2627,0,0
2628,0,0
2629,0,0
2630,0,0
2631,0,0
2632,0,0
2633,0,0
2634,0,0
2635,0,0
2636,0,0
2637,0,0
2638,0,0
2639,0,0
2640,0,0
2641,0,0
2642,0,0
2643,0,0
2644,0,0
2645,0,0
2646,0,0
2647,0,0
2648,0,0
2649,0,0
2650,0,0
2651,0,0
2652,0,0
2653,0,0
2654,0,0
2655,0,0
2656,0,0
2657,0,0
2658,0,0
2659,0,0
2660,0,0
2661,0,0
2662,0,0
2663,0,0
2664,0,0
2665,0,0
2666,0,0
2667,0,0
2668,0,0
2669,0,0
2670,0,0
2671,0,0
2672,0,0
2673,0,0
2674,0,0
2675,0,0
2676,0,0
2677,0,0
2678,0,0
2679,0,0
2680,0,0
2681,0,0
2682,0,0
2683,0,0
2684,0,0
2685,0,0
2686,0,0
2687,0,0
2688,0,0
2689,0,0
2690,0,0
2691,0,0
2692,0,0
2693,0,0
2694,0,0
2695,0,0
2696,0,0
2697,0,0
2698,0,0
2699,0,0
2700,0,0
2701,0,0
2702,0,0
2703,0,0
2704,0,0
2705,0,0
2706,0,0
2707,0,0
2708,0,0
2709,0,0
2710,0,0
2711,0,0
2712,0,0
2713,0,0
2714,0,0
2715,0,0
2716,0,0
2717,0,0
2718,0,0
2719,0,0
2720,0,0
2721,0,0
2722,0,0
2723,0,0
2724,0,0
2725,0,0
2726,0,0
2727,0,0
2728,0,0
2729,0,0
2730,0,0
2731,0,0
2732,0,0
2733,0,0
2734,0,0
2735,0,0
2736,0,0
2737,0,0
2738,0,0
2739,0,0
2740,0,0
2741,0,0
2742,0,0
2743,0,0
2744,0,0
2745,0,0
2746,0,0
2747,0,0
2748,0,0
2749,0,0
2750,0,0
2751,0,0
2752,0,0
2753,0,0
2754,0,0
2755,0,0
2756,0,0
2757,0,0
2758,0,0
2759,0,0
2760,0,0
2761,0,0
2762,0,0
2763,0,0
2764,0,0
2765,0,0
2766,0,0
2767,0,0
2768,0,0
2769,0,0
2770,0,0
2771,0,0
2772,0,0
2773,0,0
2774,0,0
2775,0,0
2776,0,0
2777,0,0
2778,0,0
2779,0,0
2780,0,0
2781,0,0
2782,0,0
2783,0,0
2784,0,0
2785,0,0
2786,0,0
2787,0,0
2788,0,0
2789,0,0
2790,0,0
2791,0,0
2792,0,0
2793,0,0
2794,0,0
2795,0,0
2796,0,0
2797,0,0
2798,0,0
2799,0,0
2800,0,0
2801,0,0
2802,0,0
2803,0,0
2804,0,0
2805,0,0
2806,0,0
2807,0,0
2808,0,0
2809,0,0
2810,0,0
2811,0,0
2812,0,0
2813,0,0
2814,0,0
2815,0,0
2816,0,0
2817,0,0
2818,0,0
2819,0,0
2820,0,0
2821,0,0
2822,0,0
2823,0,0
2824,0,0
2825,0,0
2826,0,0
2827,0,0
2828,0,0
2829,0,0
2830,0,0
2831,0,0
2832,0,0
2833,0,0
2834,0,0
2835,0,0
2836,0,0
2837,0,0
2838,0,0
2839,0,0
2840,0,0
2841,0,0
2842,0,0
2843,0,0
2844,0,0
2845,0,0
2846,0,0
2847,0,0
2848,0,0
2849,0,0
2850,0,0
2851,0,0
2852,0,0
2853,0,0
2854,0,0
2855,0,0
2856,0,0
2857,0,0
2858,0,0
2859,0,0
2860,0,0
2861,0,0
2862,0,0
2863,0,0
2864,0,0
2865,0,0
2866,0,0
2867,0,0
2868,0,0
2869,0,0
2870,0,0
2871,0,0
2872,0,0
2873,0,0
2874,0,0
2875,0,0
2876,0,0
2877,0,0
2878,0,0
2879,0,0
2880,0,0
2881,0,0
2882,0,0
2883,0,0
2884,0,0
2885,0,0
2886,0,0
2887,0,0
2888,0,0
2889,0,0
2890,0,0
2891,0,0
2892,0,0
2893,0,0
2894,0,0
2895,0,0
2896,0,0
2897,0,0
2898,0,0
2899,0,0
2900,0,0
2901,0,0
2902,0,0
2903,0,0
2904,0,0
2905,0,0
2906,0,0
2907,0,0
2908,0,0
2909,0,0
2910,0,0
2911,0,0
2912,0,0
2913,0,0
2914,0,0
2915,0,0
2916,0,0
2917,0,0
2918,0,0
2919,0,0
2920,0,0
2921,0,0
2922,0,0
2923,0,0
2924,0,0
2925,0,0
2926,0,0
2927,0,0
2928,0,0
2929,0,0
2930,0,0
2931,0,0
2932,0,0
2933,0,0
2934,0,0
2935,0,0
2936,0,0
2937,0,0
2938,0,0
2939,0,0
2940,0,0
2941,0,0
2942,0,0
2943,0,0
2944,0,0
2945,0,0
2946,0,0
2947,0,0
2948,0,0
2949,0,0
2950,0,0
2951,0,0
2952,0,0
2953,0,0
2954,0,0
2955,0,0
2956,0,0
2957,0,0
2958,0,0
2959,0,0
2960,0,0
2961,0,0
2962,0,0
2963,0,0
2964,0,0
2965,0,0
2966,0,0
2967,0,0
2968,0,0
2969,0,0
2970,0,0
2971,0,0
2972,0,0
2973,0,0
2974,0,0
2975,0,0
2976,0,0
2977,0,0
2978,0,0
2979,0,0
2980,0,0
2981,0,0
2982,0,0
2983,0,0
2984,0,0
2985,0,0
2986,0,0
2987,0,0
2988,0,0
2989,0,0
2990,0,0
2991,0,0
2992,0,0
2993,0,0
2994,0,0
2995,0,0
2996,0,0
2997,0,0
2998,0,0
2999,0,0
3000,1,0
3001,1,0
3002,1,0
3003,1,0
3004,1,0
3005,1,0
3006,1,0
3007,1,0
3008,1,0
3009,1,0
3010,1,0
3011,1,0
3012,1,0
3013,1,0
3014,1,0
3015,1,0
3016,1,0
3017,1,0
3018,1,0
3019,1,0
3020,1,0
3021,1,0
3022,1,0
3023,1,0
3024,1,0
3025,1,0
3026,1,0
3027,1,0
3028,1,0
3029,1,0
3030,1,0
3031,1,0
3032,1,0
3033,1,0
3034,1,0
3035,1,0
3036,1,0
3037,1,0
3038,1,0
3039,1,0
3040,1,0
3041,1,0
3042,1,0
3043,1,0
3044,1,0
3045,1,0
3046,1,0
3047,1,0
3048,1,0
3049,1,0
3050,1,0
3051,1,0
3052,1,0
3053,1,0
3054,1,0
3055,1,0
3056,1,0
3057,1,0
3058,1,0
3059,1,0
3060,1,0
3061,1,0
3062,1,0
3063,1,0
3064,1,0
3065,1,0
3066,1,0
3067,1,0
3068,1,0
3069,1,0
3070,1,0
3071,1,0
3072,1,0
3073,1,0
3074,1,0
3075,1,0
3076,1,0
3077,1,0
3078,1,0
3079,1,0
3080,1,0
3081,1,0
3082,1,0
3083,1,0
3084,1,0
3085,1,0
3086,1,0
3087,1,0
3088,1,0
3089,1,0
3090,1,0
3091,1,0
3092,1,0
3093,1,0
3094,1,0
3095,1,0
3096,1,0
3097,1,0
3098,1,0
3099,1,0
3100,1,0
3101,1,0
3102,1,0
3103,1,0
3104,1,0
3105,1,0
3106,1,0
3107,1,0
3108,1,0
3109,1,0
3110,1,0
3111,1,0
3112,1,0
3113,1,0
3114,1,0
3115,1,0
3116,1,0
3117,1,0
3118,1,0
3119,1,0
3120,1,0
3121,1,0
3122,1,0
3123,1,0
3124,1,0
3125,1,0
3126,1,0
3127,1,0
3128,1,0
3129,1,0
3130,1,0
3131,1,0
3132,1,0
3133,1,0
3134,1,0
3135,1,0
3136,1,0
3137,1,0
3138,1,0
3139,1,0
3140,1,0
3141,1,0
3142,1,0
3143,1,0
3144,1,0
3145,1,0
3146,1,0
3147,1,0
3148,1,0
3149,1,0
3150,1,0
3151,1,0
3152,1,0
3153,1,0
3154,1,0
3155,1,0
3156,1,0
3157,1,0
3158,1,0
3159,1,0
3160,1,0
3161,1,0
3162,1,0
3163,1,0
3164,1,0
3165,1,0
3166,1,0
3167,1,0
3168,1,0
3169,1,0
3170,1,0
3171,1,0
3172,1,0
3173,1,0
3174,1,0
3175,1,0
3176,1,0
3177,1,0
3178,1,0
3179,1,0
3180,1,0
3181,1,0
3182,1,0
3183,1,0
3184,1,0
3185,1,0
3186,1,0
3187,1,0
3188,1,0
3189,1,0
3190,1,0
3191,1,0
3192,1,0
3193,1,0
3194,1,0
3195,1,0
3196,1,0
3197,1,0
3198,1,0
3199,1,0
3200,1,2
3201,1,2
3202,1,2
3203,1,2
3204,1,2
3205,1,2
3206,1,2
3207,1,2
3208,1,2
3209,1,2
3210,1,2
3211,1,2
3212,1,2
3213,1,2
3214,1,2
3215,1,2
3216,1,2
3217,1,2
3218,1,2
3219,1,2
3220,1,2
3221,1,2
3222,1,2
3223,1,2
3224,1,2
3225,1,2
3226,1,2
3227,1,2
3228,1,2
3229,1,2
3230,1,2
3231,1,2
3232,1,2
3233,1,2
3234,1,2
3235,1,2
3236,1,2
3237,1,2
3238,1,2
3239,1,2
3240,1,2
3241,1,2
3242,1,2
3243,1,2
3244,1,2
3245,1,2
3246,1,2
3247,1,2
3248,1,2
3249,1,2
3250,1,2
3251,1,2
3252,1,2
3253,1,2
3254,1,2
3255,1,2
3256,1,2
3257,1,2
3258,1,2
3259,1,2
3260,1,2
3261,1,2
3262,1,2
3263,1,2
3264,1,2
3265,1,2
3266,1,2
3267,1,2
3268,1,2
3269,1,2
3270,1,2
3271,1,2
3272,1,2
3273,1,2
3274,1,2
3275,1,2
3276,1,2
3277,1,2
3278,1,2
3279,1,2
3280,1,2
3281,1,2
3282,1,2
3283,1,2
3284,1,2
3285,1,2
3286,1,2
3287,1,2
3288,1,2
3289,1,2
3290,1,2
3291,1,2
3292,1,2
3293,1,2
3294,1,2
3295,1,2
3296,1,2
3297,1,2
3298,1,2
3299,1,2
3300,1,2
3301,1,2
3302,1,2
3303,1,2
3304,1,2
3305,1,2
3306,1,2
3307,1,2
3308,1,2
3309,1,2
3310,1,2
3311,1,2
3312,1,2
3313,1,2
3314,1,2
3315,1,2
3316,1,2
3317,1,2
3318,1,2
3319,1,2
3320,1,2
3321,1,2
3322,1,2
3323,1,2
3324,1,2
3325,1,2
3326,1,2
3327,1,2
3328,1,2
3329,1,2
3330,1,2
3331,1,2
3332,1,2
3333,1,2
3334,1,2
3335,1,2
3336,1,2
3337,1,2
3338,1,2
3339,1,2
3340,1,2
3341,1,2
3342,1,2
3343,1,2
3344,1,2
3345,1,2
3346,1,2
3347,1,2
3348,1,2
3349,1,2
3350,1,2
3351,1,2
3352,1,2
3353,1,2
3354,1,2
3355,1,2
3356,1,2
3357,1,2
3358,1,2
3359,1,2
3360,1,2
3361,1,2
3362,1,2
3363,1,2
3364,1,2
3365,1,2
3366,1,2
3367,1,2
3368,1,2
3369,1,2
3370,1,2
3371,1,2
3372,1,2
3373,1,2
3374,1,2
3375,1,2
3376,1,2
3377,1,2
3378,1,2
3379,1,2
3380,1,2
3381,1,2
3382,1,2
3383,1,2
3384,1,2
3385,1,2
3386,1,2
3387,1,2
3388,1,2
3389,1,2
3390,1,2
3391,1,2
3392,1,2
3393,1,2
3394,1,2
3395,1,2
3396,1,2
3397,1,2
3398,1,2
3399,1,2
3400,1,2
3401,1,2
3402,1,2
3403,1,2
3404,1,2
3405,1,2
3406,1,2
3407,1,2
3408,1,2
3409,1,2
3410,1,2
3411,1,2
3412,1,2
3413,1,2
3414,1,2
3415,1,2
3416,1,2
3417,1,2
3418,1,2
3419,1,2
3420,1,2
3421,1,2
3422,1,2
3423,1,2
3424,1,2
3425,1,2
3426,1,2
3427,1,2
3428,1,2
3429,1,2
3430,1,2
3431,1,2
3432,1,2
3433,1,2
3434,1,2
3435,1,2
3436,1,2
3437,1,2
3438,1,2
3439,1,2
3440,1,2
3441,1,2
3442,1,2
3443,1,2
3444,1,2
3445,1,2
3446,1,2
3447,1,2
3448,1,2
3449,1,2
3450,1,2
3451,1,2
3452,1,2
3453,1,2
3454,1,2
3455,1,2
3456,1,2
3457,1,2
3458,1,2
3459,1,2
3460,1,2
3461,1,2
3462,1,2
3463,1,2
3464,1,2
3465,1,2
3466,1,2
3467,1,2
3468,1,2
3469,1,2
3470,1,2
3471,1,2
3472,1,2
3473,1,2
3474,1,2
3475,1,2
3476,1,2
3477,1,2
3478,1,2
3479,1,2
3480,1,2
3481,1,2
3482,1,2
3483,1,2
3484,1,2
3485,1,2
3486,1,2
3487,1,2
3488,1,2
3489,1,2
3490,1,2
3491,1,2
3492,1,2
3493,1,2
3494,1,2
3495,1,2
3496,1,2
3497,1,2
3498,1,2
3499,1,2
3500,1,2
3501,1,2
3502,1,2
3503,1,2
3504,1,2
3505,1,2
3506,1,2
3507,1,2
3508,1,2
3509,1,2
3510,1,2
3511,1,2
3512,1,2
3513,1,2
3514,1,2
3515,1,2
3516,1,2
3517,1,2
3518,1,2
3519,1,2
3520,1,2
3521,1,2
3522,1,2
3523,1,2
3524,1,2
3525,1,2
3526,1,2
3527,1,2
3528,1,2
3529,1,2
3530,1,2
3531,1,2
3532,1,2
3533,1,2
3534,1,2
3535,1,2
3536,1,2
3537,1,2
3538,1,2
3539,1,2
3540,1,2
3541,1,2
3542,1,2
3543,1,2
3544,1,2
3545,1,2
3546,1,2
3547,1,2
3548,1,2
3549,1,2
3550,1,2
3551,1,2
3552,1,2
3553,1,2
3554,1,2
3555,1,2
3556,1,2
3557,1,2
3558,1,2
3559,1,2
3560,1,2
3561,1,2
3562,1,2
3563,1,2
3564,1,2
3565,1,2
3566,1,2
3567,1,2
3568,1,2
3569,1,2
3570,1,2
3571,1,2
3572,1,2
3573,1,2
3574,1,2
3575,1,2
3576,1,2
3577,1,2
3578,1,2
3579,1,2
3580,1,2
3581,1,2
3582,1,2
3583,1,2
3584,1,2
3585,1,2
3586,1,2
3587,1,2
3588,1,2
3589,1,2
3590,1,2
3591,1,2
3592,1,2
3593,1,2
3594,1,2
3595,1,2
3596,1,2
3597,1,2
3598,1,2
3599,1,2
3600,1,0
3601,1,0
3602,1,0
3603,1,0
3604,1,0
3605,1,0
3606,1,0
3607,1,0
3608,1,0
3609,1,0
3610,1,0
3611,1,0
3612,1,0
3613,1,0
3614,1,0
3615,1,0
3616,1,0
3617,1,0
3618,1,0
3619,1,0
3620,1,0
3621,1,0
3622,1,0
3623,1,0
3624,1,0
3625,1,0
3626,1,0
3627,1,0
3628,1,0
3629,1,0
3630,1,0
3631,1,0
3632,1,0
3633,1,0
3634,1,0
3635,1,0
3636,1,0
3637,1,0
3638,1,0
3639,1,0
3640,1,0
3641,1,0
3642,1,0
3643,1,0
3644,1,0
3645,1,0
3646,1,0
3647,1,0
3648,1,0
3649,1,0
3650,1,0
3651,1,0
3652,1,0
3653,1,0
3654,1,0
3655,1,0
3656,1,0
3657,1,0
3658,1,0
3659,1,0
3660,1,0
3661,1,0
3662,1,0
3663,1,0
3664,1,0
3665,1,0
3666,1,0
3667,1,0
3668,1,0
3669,1,0
3670,1,0
3671,1,0
3672,1,0
3673,1,0
3674,1,0
3675,1,0
3676,1,0
3677,1,0
3678,1,0
3679,1,0
3680,1,0
3681,1,0
3682,1,0
3683,1,0
3684,1,0
3685,1,0
3686,1,0
3687,1,0
3688,1,0
3689,1,0
3690,1,0
3691,1,0
3692,1,0
3693,1,0
3694,1,0
3695,1,0
3696,1,0
3697,1,0
3698,1,0
3699,1,0
3700,1,0
3701,1,0
3702,1,0
3703,1,0
3704,1,0
3705,1,0
3706,1,0
3707,1,0
3708,1,0
3709,1,0
3710,1,0
3711,1,0
3712,1,0
3713,1,0
3714,1,0
3715,1,0
3716,1,0
3717,1,0
3718,1,0
3719,1,0
3720,1,0
3721,1,0
3722,1,0
3723,1,0
3724,1,0
3725,1,0
3726,1,0
3727,1,0
3728,1,0
3729,1,0
3730,1,0
3731,1,0
3732,1,0
3733,1,0
3734,1,0
3735,1,0
3736,1,0
3737,1,0
3738,1,0
3739,1,0
3740,1,0
3741,1,0
3742,1,0
3743,1,0
3744,1,0
3745,1,0
3746,1,0
3747,1,0
3748,1,0
3749,1,0
3750,1,0
3751,1,0
3752,1,0
3753,1,0
3754,1,0
3755,1,0
3756,1,0
3757,1,0
3758,1,0
3759,1,0
3760,1,0
3761,1,0
3762,1,0
3763,1,0
3764,1,0
3765,1,0
3766,1,0
3767,1,0
3768,1,0
3769,1,0
3770,1,0
3771,1,0
3772,1,0
3773,1,0
3774,1,0
3775,1,0
3776,1,0
3777,1,0
3778,1,0
3779,1,0
3780,1,0
3781,1,0
3782,1,0
3783,1,0
3784,1,0
3785,1,0
3786,1,0
3787,1,0
3788,1,0
3789,1,0
3790,1,0
3791,1,0
3792,1,0
3793,1,0
3794,1,0
3795,1,0
3796,1,0
3797,1,0
3798,1,0
3799,1,0
3800,1,0
3801,1,0
3802,1,0
3803,1,0
3804,1,0
3805,1,0
3806,1,0
3807,1,0
3808,1,0
3809,1,0
3810,1,0
3811,1,0
3812,1,0
3813,1,0
3814,1,0
3815,1,0
3816,1,0
3817,1,0
3818,1,0
3819,1,0
3820,1,0
3821,1,0
3822,1,0
3823,1,0
3824,1,0
3825,1,0
3826,1,0
3827,1,0
3828,1,0
3829,1,0
3830,1,0
3831,1,0
3832,1,0
3833,1,0
3834,1,0
3835,1,0
3836,1,0
3837,1,0
3838,1,0
3839,1,0
3840,1,0
3841,1,0
3842,1,0
3843,1,0
3844,1,0
3845,1,0
3846,1,0
3847,1,0
3848,1,0
3849,1,0
3850,1,0
3851,1,0
3852,1,0
3853,1,0
3854,1,0
3855,1,0
3856,1,0
3857,1,0
3858,1,0
3859,1,0
3860,1,0
3861,1,0
3862,1,0
3863,1,0
3864,1,0
3865,1,0
3866,1,0
3867,1,0
3868,1,0
3869,1,0
3870,1,0
3871,1,0
3872,1,0
3873,1,0
3874,1,0
3875,1,0
3876,1,0
3877,1,0
3878,1,0
3879,1,0
3880,1,0
3881,1,0
3882,1,0
3883,1,0
3884,1,0
3885,1,0
3886,1,0
3887,1,0
3888,1,0
3889,1,0
3890,1,0
3891,1,0
3892,1,0
3893,1,0
3894,1,0
3895,1,0
3896,1,0
3897,1,0
3898,1,0
3899,1,0
3900,1,0
3901,1,0
3902,1,0
3903,1,0
3904,1,0
3905,1,0
3906,1,0
3907,1,0
3908,1,0
3909,1,0
3910,1,0
3911,1,0
3912,1,0
3913,1,0
3914,1,0
3915,1,0
3916,1,0
3917,1,0
3918,1,0
3919,1,0
3920,1,0
3921,1,0
3922,1,0
3923,1,0
3924,1,0
3925,1,0
3926,1,0
3927,1,0
3928,1,0
3929,1,0
3930,1,0
3931,1,0
3932,1,0
3933,1,0
3934,1,0
3935,1,0
3936,1,0
3937,1,0
3938,1,0
3939,1,0
3940,1,0
3941,1,0
3942,1,0
3943,1,0
3944,1,0
3945,1,0
3946,1,0
3947,1,0
3948,1,0
3949,1,0
3950,1,0
3951,1,0
3952,1,0
3953,1,0
3954,1,0
3955,1,0
3956,1,0
3957,1,0
3958,1,0
3959,1,0
3960,1,0
3961,1,0
3962,1,0
3963,1,0
3964,1,0
3965,1,0
3966,1,0
3967,1,0
3968,1,0
3969,1,0
3970,1,0
3971,1,0
3972,1,0
3973,1,0
3974,1,0
3975,1,0
3976,1,0
3977,1,0
3978,1,0
3979,1,0
3980,1,0
3981,1,0
3982,1,0
3983,1,0
3984,1,0
3985,1,0
3986,1,0
3987,1,0
3988,1,0
3989,1,0
3990,1,0
3991,1,0
3992,1,0
3993,1,0
3994,1,0
3995,1,0
3996,1,0
3997,1,0
3998,1,0
3999,1,0
4000,1,2
4001,1,2
4002,1,2
4003,1,2
4004,1,2
4005,1,2
4006,1,2
4007,1,2
4008,1,2
4009,1,2
4010,1,2
4011,1,2
4012,1,2
4013,1,2
4014,1,2
4015,1,2
4016,1,2
4017,1,2
4018,1,2
4019,1,2
4020,1,2
4021,1,2
4022,1,2
4023,1,2
4024,1,2
4025,1,2
4026,1,2
4027,1,2
4028,1,2
4029,1,2
4030,1,2
4031,1,2
4032,1,2
4033,1,2
4034,1,2
4035,1,2
4036,1,2
4037,1,2
4038,1,2
4039,1,2
4040,1,2
4041,1,2
4042,1,2
4043,1,2
4044,1,2
4045,1,2
4046,1,2
4047,1,2
4048,1,2
4049,1,2
4050,1,2
4051,1,2
4052,1,2
4053,1,2
4054,1,2
4055,1,2
4056,1,2
4057,1,2
4058,1,2
4059,1,2
4060,1,2
4061,1,2
4062,1,2
4063,1,2
4064,1,2
4065,1,2
4066,1,2
4067,1,2
4068,1,2
4069,1,2
4070,1,2
4071,1,2
4072,1,2
4073,1,2
4074,1,2
4075,1,2
4076,1,2
4077,1,2
4078,1,2
4079,1,2
4080,1,2
4081,1,2
4082,1,2
4083,1,2
4084,1,2
4085,1,2
4086,1,2
4087,1,2
4088,1,2
4089,1,2
4090,1,2
4091,1,2
4092,1,2
4093,1,2
4094,1,2
4095,1,2
4096,1,2
4097,1,2
4098,1,2
4099,1,2
4100,1,2
4101,1,2
4102,1,2
4103,1,2
4104,1,2
4105,1,2
4106,1,2
4107,1,2
4108,1,2
4109,1,2
4110,1,2
4111,1,2
4112,1,2
4113,1,2
4114,1,2
4115,1,2
4116,1,2
4117,1,2
4118,1,2
4119,1,2
4120,1,2
4121,1,2
4122,1,2
4123,1,2
4124,1,2
4125,1,2
4126,1,2
4127,1,2
4128,1,2
4129,1,2
4130,1,2
4131,1,2
4132,1,2
4133,1,2
4134,1,2
4135,1,2
4136,1,2
4137,1,2
4138,1,2
4139,1,2
4140,1,2
4141,1,2
4142,1,2
4143,1,2
4144,1,2
4145,1,2
4146,1,2
4147,1,2
4148,1,2
4149,1,2
4150,1,2
4151,1,2
4152,1,2
4153,1,2
4154,1,2
4155,1,2
4156,1,2
4157,1,2
4158,1,2
4159,1,2
4160,1,2
4161,1,2
4162,1,2
4163,1,2
4164,1,2
4165,1,2
4166,1,2
4167,1,2
4168,1,2
4169,1,2
4170,1,2
4171,1,2
4172,1,2
4173,1,2
4174,1,2
4175,1,2
4176,1,2
4177,1,2
4178,1,2
4179,1,2
4180,1,2
4181,1,2
4182,1,2
4183,1,2
4184,1,2
4185,1,2
4186,1,2
4187,1,2
4188,1,2
4189,1,2
4190,1,2
4191,1,2
4192,1,2
4193,1,2
4194,1,2
4195,1,2
4196,1,2
4197,1,2
4198,1,2
4199,1,2
4200,1,2
4201,1,2
4202,1,2
4203,1,2
4204,1,2
4205,1,2
4206,1,2
4207,1,2
4208,1,2
4209,1,2
4210,1,2
4211,1,2
4212,1,2
4213,1,2
4214,1,2
4215,1,2
4216,1,2
4217,1,2
4218,1,2
4219,1,2
4220,1,2
4221,1,2
4222,1,2
4223,1,2
4224,1,2
4225,1,2
4226,1,2
4227,1,2
4228,1,2
4229,1,2
4230,1,2
4231,1,2
4232,1,2
4233,1,2
4234,1,2
4235,1,2
4236,1,2
4237,1,2
4238,1,2
4239,1,2
4240,1,2
4241,1,2
4242,1,2
4243,1,2
4244,1,2
4245,1,2
4246,1,2
4247,1,2
4248,1,2
4249,1,2
4250,1,2
4251,1,2
4252,1,2
4253,1,2
4254,1,2
4255,1,2
4256,1,2
4257,1,2
4258,1,2
4259,1,2
4260,1,2
4261,1,2
4262,1,2
4263,1,2
4264,1,2
4265,1,2
4266,1,2
4267,1,2
4268,1,2
4269,1,2
4270,1,2
4271,1,2
4272,1,2
4273,1,2
4274,1,2
4275,1,2
4276,1,2
4277,1,2
4278,1,2
4279,1,2
4280,1,2
4281,1,2
4282,1,2
4283,1,2
4284,1,2
4285,1,2
4286,1,2
4287,1,2
4288,1,2
4289,1,2
4290,1,2
4291,1,2
4292,1,2
4293,1,2
4294,1,2
4295,1,2
4296,1,2
4297,1,2
4298,1,2
4299,1,2
4300,1,2
4301,1,2
4302,1,2
4303,1,2
4304,1,2
4305,1,2
4306,1,2
4307,1,2
4308,1,2
4309,1,2
4310,1,2
4311,1,2
4312,1,2
4313,1,2
4314,1,2
4315,1,2
4316,1,2
4317,1,2
4318,1,2
4319,1,2
4320,1,2
4321,1,2
4322,1,2
4323,1,2
4324,1,2
4325,1,2
4326,1,2
4327,1,2
4328,1,2
4329,1,2
4330,1,2
4331,1,2
4332,1,2
4333,1,2
4334,1,2
4335,1,2
4336,1,2
4337,1,2
4338,1,2
4339,1,2
4340,1,2
4341,1,2
4342,1,2
4343,1,2
4344,1,2
4345,1,2
4346,1,2
4347,1,2
4348,1,2
4349,1,2
4350,1,2
4351,1,2
4352,1,2
4353,1,2
4354,1,2
4355,1,2
4356,1,2
4357,1,2
4358,1,2
4359,1,2
4360,1,2
4361,1,2
4362,1,2
4363,1,2
4364,1,2
4365,1,2
4366,1,2
4367,1,2
4368,1,2
4369,1,2
4370,1,2
4371,1,2
4372,1,2
4373,1,2
4374,1,2
4375,1,2
4376,1,2
4377,1,2
4378,1,2
4379,1,2
4380,1,2
4381,1,2
4382,1,2
4383,1,2
4384,1,2
4385,1,2
4386,1,2
4387,1,2
4388,1,2
4389,1,2
4390,1,2
4391,1,2
4392,1,2
4393,1,2
4394,1,2
4395,1,2
4396,1,2
4397,1,2
4398,1,2
4399,1,2
4400,1,0
4401,1,0
4402,1,0
4403,1,0
4404,1,0
4405,1,0
4406,1,0
4407,1,0
4408,1,0
4409,1,0
4410,1,0
4411,1,0
4412,1,0
4413,1,0
4414,1,0
4415,1,0
4416,1,0
4417,1,0
4418,1,0
4419,1,0
4420,1,0
4421,1,0
4422,1,0
4423,1,0
4424,1,0
4425,1,0
4426,1,0
4427,1,0
4428,1,0
4429,1,0
4430,1,0
4431,1,0
4432,1,0
4433,1,0
4434,1,0
4435,1,0
4436,1,0
4437,1,0
4438,1,0
4439,1,0
4440,1,0
4441,1,0
4442,1,0
4443,1,0
4444,1,0
4445,1,0
4446,1,0
4447,1,0
4448,1,0
4449,1,0
4450,1,0
4451,1,0
4452,1,0
4453,1,0
4454,1,0
4455,1,0
4456,1,0
4457,1,0
4458,1,0
4459,1,0
4460,1,0
4461,1,0
4462,1,0
4463,1,0
4464,1,0
4465,1,0
4466,1,0
4467,1,0
4468,1,0
4469,1,0
4470,1,0
4471,1,0
4472,1,0
4473,1,0
4474,1,0
4475,1,0
4476,1,0
4477,1,0
4478,1,0
4479,1,0
4480,1,0
4481,1,0
4482,1,0
4483,1,0
4484,1,0
4485,1,0
4486,1,0
4487,1,0
4488,1,0
4489,1,0
4490,1,0
4491,1,0
4492,1,0
4493,1,0
4494,1,0
4495,1,0
4496,1,0
4497,1,0
4498,1,0
4499,1,0
4500,1,0
4501,1,0
4502,1,0
4503,1,0
4504,1,0
4505,1,0
4506,1,0
4507,1,0
4508,1,0
4509,1,0
4510,1,0
4511,1,0
4512,1,0
4513,1,0
4514,1,0
4515,1,0
4516,1,0
4517,1,0
4518,1,0
4519,1,0
4520,1,0
4521,1,0
4522,1,0
4523,1,0
4524,1,0
4525,1,0
4526,1,0
4527,1,0
4528,1,0
4529,1,0
4530,1,0
4531,1,0
4532,1,0
4533,1,0
4534,1,0
4535,1,0
4536,1,0
4537,1,0
4538,1,0
4539,1,0
4540,1,0
4541,1,0
4542,1,0
4543,1,0
4544,1,0
4545,1,0
4546,1,0
4547,1,0
4548,1,0
4549,1,0
4550,1,0
4551,1,0
4552,1,0
4553,1,0
4554,1,0
4555,1,0
4556,1,0
4557,1,0
4558,1,0
4559,1,0
4560,1,0
4561,1,0
4562,1,0
4563,1,0
4564,1,0
4565,1,0
4566,1,0
4567,1,0
4568,1,0
4569,1,0
4570,1,0
4571,1,0
4572,1,0
4573,1,0
4574,1,0
4575,1,0
4576,1,0
4577,1,0
4578,1,0
4579,1,0
4580,1,0
4581,1,0
4582,1,0
4583,1,0
4584,1,0
4585,1,0
4586,1,0
4587,1,0
4588,1,0
4589,1,0
4590,1,0
4591,1,0
4592,1,0
4593,1,0
4594,1,0
4595,1,0
4596,1,0
4597,1,0
4598,1,0
4599,1,0
4600,1,0
4601,1,0
4602,1,0
4603,1,0
4604,1,0
4605,1,0
4606,1,0
4607,1,0
4608,1,0
4609,1,0
4610,1,0
4611,1,0
4612,1,0
4613,1,0
4614,1,0
4615,1,0
4616,1,0
4617,1,0
4618,1,0
4619,1,0
4620,1,0
4621,1,0
4622,1,0
4623,1,0
4624,1,0
4625,1,0
4626,1,0
4627,1,0
4628,1,0
4629,1,0
4630,1,0
4631,1,0
4632,1,0
4633,1,0
4634,1,0
4635,1,0
4636,1,0
4637,1,0
4638,1,0
4639,1,0
4640,1,0
4641,1,0
4642,1,0
4643,1,0
4644,1,0
4645,1,0
4646,1,0
4647,1,0
4648,1,0
4649,1,0
4650,1,0
4651,1,0
4652,1,0
4653,1,0
4654,1,0
4655,1,0
4656,1,0
4657,1,0
4658,1,0
4659,1,0
4660,1,0
4661,1,0
4662,1,0
4663,1,0
4664,1,0
4665,1,0
4666,1,0
4667,1,0
4668,1,0
4669,1,0
4670,1,0
4671,1,0
4672,1,0
4673,1,0
4674,1,0
4675,1,0
4676,1,0
4677,1,0
4678,1,0
4679,1,0
4680,1,0
4681,1,0
4682,1,0
4683,1,0
4684,1,0
4685,1,0
4686,1,0
4687,1,0
4688,1,0
4689,1,0
4690,1,0
4691,1,0
4692,1,0
4693,1,0
4694,1,0
4695,1,0
4696,1,0
4697,1,0
4698,1,0
4699,1,0
4700,1,0
4701,1,0
4702,1,0
4703,1,0
4704,1,0
4705,1,0
4706,1,0
4707,1,0
4708,1,0
4709,1,0
4710,1,0
4711,1,0
4712,1,0
4713,1,0
4714,1,0
4715,1,0
4716,1,0
4717,1,0
4718,1,0
4719,1,0
4720,1,0
4721,1,0
4722,1,0
4723,1,0
4724,1,0
4725,1,0
4726,1,0
4727,1,0
4728,1,0
4729,1,0
4730,1,0
4731,1,0
4732,1,0
4733,1,0
4734,1,0
4735,1,0
4736,1,0
4737,1,0
4738,1,0
4739,1,0
4740,1,0
4741,1,0
4742,1,0
4743,1,0
4744,1,0
4745,1,0
4746,1,0
4747,1,0
4748,1,0
4749,1,0
4750,1,0
4751,1,0
4752,1,0
4753,1,0
4754,1,0
4755,1,0
4756,1,0
4757,1,0
4758,1,0
4759,1,0
4760,1,0
4761,1,0
4762,1,0
4763,1,0
4764,1,0
4765,1,0
4766,1,0
4767,1,0
4768,1,0
4769,1,0
4770,1,0
4771,1,0
4772,1,0
4773,1,0
4774,1,0
4775,1,0
4776,1,0
4777,1,0
4778,1,0
4779,1,0
4780,1,0
4781,1,0
4782,1,0
4783,1,0
4784,1,0
4785,1,0
4786,1,0
4787,1,0
4788,1,0
4789,1,0
4790,1,0
4791,1,0
4792,1,0
4793,1,0
4794,1,0
4795,1,0
4796,1,0
4797,1,0
4798,1,0
4799,1,0
4800,1,0
4801,1,0
4802,1,0
4803,1,0
4804,1,0
4805,1,0
4806,1,0
4807,1,0
4808,1,0
4809,1,0
4810,1,0
4811,1,0
4812,1,0
4813,1,0
4814,1,0
4815,1,0
4816,1,0
4817,1,0
4818,1,0
4819,1,0
4820,1,0
4821,1,0
4822,1,0
4823,1,0
4824,1,0
4825,1,0
4826,1,0
4827,1,0
4828,1,0
4829,1,0
4830,1,0
4831,1,0
4832,1,0
4833,1,0
4834,1,0
4835,1,0
4836,1,0
4837,1,0
4838,1,0
4839,1,0
4840,1,0
4841,1,0
4842,1,0
4843,1,0
4844,1,0
4845,1,0
4846,1,0
4847,1,0
4848,1,0
4849,1,0
4850,1,0
4851,1,0
4852,1,0
4853,1,0
4854,1,0
4855,1,0
4856,1,0
4857,1,0
4858,1,0
4859,1,0
4860,1,0
4861,1,0
4862,1,0
4863,1,0
4864,1,0
4865,1,0
4866,1,0
4867,1,0
4868,1,0
4869,1,0
4870,1,0
4871,1,0
4872,1,0
4873,1,0
4874,1,0
4875,1,0
4876,1,0
4877,1,0
4878,1,0
4879,1,0
4880,1,0
4881,1,0
4882,1,0
4883,1,0
4884,1,0
4885,1,0
4886,1,0
4887,1,0
4888,1,0
4889,1,0
4890,1,0
4891,1,0
4892,1,0
4893,1,0
4894,1,0
4895,1,0
4896,1,0
4897,1,0
4898,1,0
4899,1,0
4900,1,0
4901,1,0
4902,1,0
4903,1,0
4904,1,0
4905,1,0
4906,1,0
4907,1,0
4908,1,0
4909,1,0
4910,1,0
4911,1,0
4912,1,0
4913,1,0
4914,1,0
4915,1,0
4916,1,0
4917,1,0
4918,1,0
4919,1,0
4920,1,0
4921,1,0
4922,1,0
4923,1,0
4924,1,0
4925,1,0
4926,1,0
4927,1,0
4928,1,0
4929,1,0
4930,1,0
4931,1,0
4932,1,0
4933,1,0
4934,1,0
4935,1,0
4936,1,0
4937,1,0
4938,1,0
4939,1,0
4940,1,0
4941,1,0
4942,1,0
4943,1,0
4944,1,0
4945,1,0
4946,1,0
4947,1,0
4948,1,0
4949,1,0
4950,1,0
4951,1,0
4952,1,0
4953,1,0
4954,1,0
4955,1,0
4956,1,0
4957,1,0
4958,1,0
4959,1,0
4960,1,0
4961,1,0
4962,1,0
4963,1,0
4964,1,0
4965,1,0
4966,1,0
4967,1,0
4968,1,0
4969,1,0
4970,1,0
4971,1,0
4972,1,0
4973,1,0
4974,1,0
4975,1,0
4976,1,0
4977,1,0
4978,1,0
4979,1,0
4980,1,0
4981,1,0
4982,1,0
4983,1,0
4984,1,0
4985,1,0
4986,1,0
4987,1,0
4988,1,0
4989,1,0
4990,1,0
4991,1,0
4992,1,0
4993,1,0
4994,1,0
4995,1,0
4996,1,0
4997,1,0
4998,1,0
4999,1,0
5000,2,0
5001,2,0
5002,2,0
5003,2,0
5004,2,0
5005,2,0
5006,2,0
5007,2,0
5008,2,0
5009,2,0
5010,2,0
5011,2,0
5012,2,0
5013,2,0
5014,2,0
5015,2,0
5016,2,0
5017,2,0
5018,2,0
5019,2,0
5020,2,0
5021,2,0
5022,2,0
5023,2,0
5024,2,0
5025,2,0
5026,2,0
5027,2,0
5028,2,0
5029,2,0
5030,2,0
5031,2,0
5032,2,0
5033,2,0
5034,2,0
5035,2,0
5036,2,0
5037,2,0
5038,2,0
5039,2,0
5040,2,0
5041,2,0
5042,2,0
5043,2,0
5044,2,0
5045,2,0
5046,2,0
5047,2,0
5048,2,0
5049,2,0
5050,2,0
5051,2,0
5052,2,0
5053,2,0
5054,2,0
5055,2,0
5056,2,0
5057,2,0
5058,2,0
5059,2,0
5060,2,0
5061,2,0
5062,2,0
5063,2,0
5064,2,0
5065,2,0
5066,2,0
5067,2,0
5068,2,0
5069,2,0
5070,2,0
5071,2,0
5072,2,0
5073,2,0
5074,2,0
5075,2,0
5076,2,0
5077,2,0
5078,2,0
5079,2,0
5080,2,0
5081,2,0
5082,2,0
5083,2,0
5084,2,0
5085,2,0
5086,2,0
5087,2,0
5088,2,0
5089,2,0
5090,2,0
5091,2,0
5092,2,0
5093,2,0
5094,2,0
5095,2,0
5096,2,0
5097,2,0
5098,2,0
5099,2,0
5100,2,0
5101,2,0
5102,2,0
5103,2,0
5104,2,0
5105,2,0
5106,2,0
5107,2,0
5108,2,0
5109,2,0
5110,2,0
5111,2,0
5112,2,0
5113,2,0
5114,2,0
5115,2,0
5116,2,0
5117,2,0
5118,2,0
5119,2,0
5120,2,0
5121,2,0
5122,2,0
5123,2,0
5124,2,0
5125,2,0
5126,2,0
5127,2,0
5128,2,0
5129,2,0
5130,2,0
5131,2,0
5132,2,0
5133,2,0
5134,2,0
5135,2,0
5136,2,0
5137,2,0
5138,2,0
5139,2,0
5140,2,0
5141,2,0
5142,2,0
5143,2,0
5144,2,0
5145,2,0
5146,2,0
5147,2,0
5148,2,0
5149,2,0
5150,2,0
5151,2,0
5152,2,0
5153,2,0
5154,2,0
5155,2,0
5156,2,0
5157,2,0
5158,2,0
5159,2,0
5160,2,0
5161,2,0
5162,2,0
5163,2,0
5164,2,0
5165,2,0
5166,2,0
5167,2,0
5168,2,0
5169,2,0
5170,2,0
5171,2,0
5172,2,0
5173,2,0
5174,2,0
5175,2,0
5176,2,0
5177,2,0
5178,2,0
5179,2,0
5180,2,0
5181,2,0
5182,2,0
5183,2,0
5184,2,0
5185,2,0
5186,2,0
5187,2,0
5188,2,0
5189,2,0
5190,2,0
5191,2,0
5192,2,0
5193,2,0
5194,2,0
5195,2,0
5196,2,0
5197,2,0
5198,2,0
5199,2,0
5200,2,3
5201,2,3
5202,2,3
5203,2,3
5204,2,3
5205,2,3
5206,2,3
5207,2,3
5208,2,3
5209,2,3
5210,2,3
5211,2,3
5212,2,3
5213,2,3
5214,2,3
5215,2,3
5216,2,3
5217,2,3
5218,2,3
5219,2,3
5220,2,3
5221,2,3
5222,2,3
5223,2,3
5224,2,3
5225,2,3
5226,2,3
5227,2,3
5228,2,3
5229,2,3
5230,2,3
5231,2,3
5232,2,3
5233,2,3
5234,2,3
5235,2,3
5236,2,3
5237,2,3
5238,2,3
5239,2,3
5240,2,3
5241,2,3
5242,2,3
5243,2,3
5244,2,3
5245,2,3
5246,2,3
5247,2,3
5248,2,3
5249,2,3
5250,2,3
5251,2,3
5252,2,3
5253,2,3
5254,2,3
5255,2,3
5256,2,3
5257,2,3
5258,2,3
5259,2,3
5260,2,3
5261,2,3
5262,2,3
5263,2,3
5264,2,3
5265,2,3
5266,2,3
5267,2,3
5268,2,3
5269,2,3
5270,2,3
5271,2,3
5272,2,3
5273,2,3
5274,2,3
5275,2,3
5276,2,3
5277,2,3
5278,2,3
5279,2,3
5280,2,3
5281,2,3
5282,2,3
5283,2,3
5284,2,3
5285,2,3
5286,2,3
5287,2,3
5288,2,3
5289,2,3
5290,2,3
5291,2,3
5292,2,3
5293,2,3
5294,2,3
5295,2,3
5296,2,3
5297,2,3
5298,2,3
5299,2,3
5300,2,3
5301,2,3
5302,2,3
5303,2,3
5304,2,3
5305,2,3
5306,2,3
5307,2,3
5308,2,3
5309,2,3
5310,2,3
5311,2,3
5312,2,3
5313,2,3
5314,2,3
5315,2,3
5316,2,3
5317,2,3
5318,2,3
5319,2,3
5320,2,3
5321,2,3
5322,2,3
5323,2,3
5324,2,3
5325,2,3
5326,2,3
5327,2,3
5328,2,3
5329,2,3
5330,2,3
5331,2,3
5332,2,3
5333,2,3
5334,2,3
5335,2,3
5336,2,3
5337,2,3
5338,2,3
5339,2,3
5340,2,3
5341,2,3
5342,2,3
5343,2,3
5344,2,3
5345,2,3
5346,2,3
5347,2,3
5348,2,3
5349,2,3
5350,2,3
5351,2,3
5352,2,3
5353,2,3
5354,2,3
5355,2,3
5356,2,3
5357,2,3
5358,2,3
5359,2,3
5360,2,3
5361,2,3
5362,2,3
5363,2,3
5364,2,3
5365,2,3
5366,2,3
5367,2,3
5368,2,3
5369,2,3
5370,2,3
5371,2,3
5372,2,3
5373,2,3
5374,2,3
5375,2,3
5376,2,3
5377,2,3
5378,2,3
5379,2,3
5380,2,3
5381,2,3
5382,2,3
5383,2,3
5384,2,3
5385,2,3
5386,2,3
5387,2,3
5388,2,3
5389,2,3
5390,2,3
5391,2,3
5392,2,3
5393,2,3
5394,2,3
5395,2,3
5396,2,3
5397,2,3
5398,2,3
5399,2,3
5400,2,3
5401,2,3
5402,2,3
5403,2,3
5404,2,3
5405,2,3
5406,2,3
5407,2,3
5408,2,3
5409,2,3
5410,2,3
5411,2,3
5412,2,3
5413,2,3
5414,2,3
5415,2,3
5416,2,3
5417,2,3
5418,2,3
5419,2,3
5420,2,3
5421,2,3
5422,2,3
5423,2,3
5424,2,3
5425,2,3
5426,2,3
5427,2,3
5428,2,3
5429,2,3
5430,2,3
5431,2,3
5432,2,3
5433,2,3
5434,2,3
5435,2,3
5436,2,3
5437,2,3
5438,2,3
5439,2,3
5440,2,3
5441,2,3
5442,2,3
5443,2,3
5444,2,3
5445,2,3
5446,2,3
5447,2,3
5448,2,3
5449,2,3
5450,2,3
5451,2,3
5452,2,3
5453,2,3
5454,2,3
5455,2,3
5456,2,3
5457,2,3
5458,2,3
5459,2,3
5460,2,3
5461,2,3
5462,2,3
5463,2,3
5464,2,3
5465,2,3
5466,2,3
5467,2,3
5468,2,3
5469,2,3
5470,2,3
5471,2,3
5472,2,3
5473,2,3
5474,2,3
5475,2,3
5476,2,3
5477,2,3
5478,2,3
5479,2,3
5480,2,3
5481,2,3
5482,2,3
5483,2,3
5484,2,3
5485,2,3
5486,2,3
5487,2,3
5488,2,3
5489,2,3
5490,2,3
5491,2,3
5492,2,3
5493,2,3
5494,2,3
5495,2,3
5496,2,3
5497,2,3
5498,2,3
5499,2,3
5500,2,3
5501,2,3
5502,2,3
5503,2,3
5504,2,3
5505,2,3
5506,2,3
5507,2,3
5508,2,3
5509,2,3
5510,2,3
5511,2,3
5512,2,3
5513,2,3
5514,2,3
5515,2,3
5516,2,3
5517,2,3
5518,2,3
5519,2,3
5520,2,3
5521,2,3
5522,2,3
5523,2,3
5524,2,3
5525,2,3
5526,2,3
5527,2,3
5528,2,3
5529,2,3
5530,2,3
5531,2,3
5532,2,3
5533,2,3
5534,2,3
5535,2,3
5536,2,3
5537,2,3
5538,2,3
5539,2,3
5540,2,3
5541,2,3
5542,2,3
5543,2,3
5544,2,3
5545,2,3
5546,2,3
5547,2,3
5548,2,3
5549,2,3
5550,2,3
5551,2,3
5552,2,3
5553,2,3
5554,2,3
5555,2,3
5556,2,3
5557,2,3
5558,2,3
5559,2,3
5560,2,3
5561,2,3
5562,2,3
5563,2,3
5564,2,3
5565,2,3
5566,2,3
5567,2,3
5568,2,3
5569,2,3
5570,2,3
5571,2,3
5572,2,3
5573,2,3
5574,2,3
5575,2,3
5576,2,3
5577,2,3
5578,2,3
5579,2,3
5580,2,3
5581,2,3
5582,2,3
5583,2,3
5584,2,3
5585,2,3
5586,2,3
5587,2,3
5588,2,3
5589,2,3
5590,2,3
5591,2,3
5592,2,3
5593,2,3
5594,2,3
5595,2,3
5596,2,3
5597,2,3
5598,2,3
5599,2,3
5600,2,0
5601,2,0
5602,2,0
5603,2,0
5604,2,0
5605,2,0
5606,2,0
5607,2,0
5608,2,0
5609,2,0
5610,2,0
5611,2,0
5612,2,0
5613,2,0
5614,2,0
5615,2,0
5616,2,0
5617,2,0
5618,2,0
5619,2,0
5620,2,0
5621,2,0
5622,2,0
5623,2,0
5624,2,0
5625,2,0
5626,2,0
5627,2,0
5628,2,0
5629,2,0
5630,2,0
5631,2,0
5632,2,0
5633,2,0
5634,2,0
5635,2,0
5636,2,0
5637,2,0
5638,2,0
5639,2,0
5640,2,0
5641,2,0
5642,2,0
5643,2,0
5644,2,0
5645,2,0
5646,2,0
5647,2,0
5648,2,0
5649,2,0
5650,2,0
5651,2,0
5652,2,0
5653,2,0
5654,2,0
5655,2,0
5656,2,0
5657,2,0
5658,2,0
5659,2,0
5660,2,0
5661,2,0
5662,2,0
5663,2,0
5664,2,0
5665,2,0
5666,2,0
5667,2,0
5668,2,0
5669,2,0
5670,2,0
5671,2,0
5672,2,0
5673,2,0
5674,2,0
5675,2,0
5676,2,0
5677,2,0
5678,2,0
5679,2,0
5680,2,0
5681,2,0
5682,2,0
5683,2,0
5684,2,0
5685,2,0
5686,2,0
5687,2,0
5688,2,0
5689,2,0
5690,2,0
5691,2,0
5692,2,0
5693,2,0
5694,2,0
5695,2,0
5696,2,0
5697,2,0
5698,2,0
5699,2,0
5700,2,0
5701,2,0
5702,2,0
5703,2,0
5704,2,0
5705,2,0
5706,2,0
5707,2,0
5708,2,0
5709,2,0
5710,2,0
5711,2,0
5712,2,0
5713,2,0
5714,2,0
5715,2,0
5716,2,0
5717,2,0
5718,2,0
5719,2,0
5720,2,0
5721,2,0
5722,2,0
5723,2,0
5724,2,0
5725,2,0
5726,2,0
5727,2,0
5728,2,0
5729,2,0
5730,2,0
5731,2,0
5732,2,0
5733,2,0
5734,2,0
5735,2,0
5736,2,0
5737,2,0
5738,2,0
5739,2,0
5740,2,0
5741,2,0
5742,2,0
5743,2,0
5744,2,0
5745,2,0
5746,2,0
5747,2,0
5748,2,0
5749,2,0
5750,2,0
5751,2,0
5752,2,0
5753,2,0
5754,2,0
5755,2,0
5756,2,0
5757,2,0
5758,2,0
5759,2,0
5760,2,0
5761,2,0
5762,2,0
5763,2,0
5764,2,0
5765,2,0
5766,2,0
5767,2,0
5768,2,0
5769,2,0
5770,2,0
5771,2,0
5772,2,0
5773,2,0
5774,2,0
5775,2,0
5776,2,0
5777,2,0
5778,2,0
5779,2,0
5780,2,0
5781,2,0
5782,2,0
5783,2,0
5784,2,0
5785,2,0
5786,2,0
5787,2,0
5788,2,0
5789,2,0
5790,2,0
5791,2,0
5792,2,0
5793,2,0
5794,2,0
5795,2,0
5796,2,0
5797,2,0
5798,2,0
5799,2,0
5800,2,0
5801,2,0
5802,2,0
5803,2,0
5804,2,0
5805,2,0
5806,2,0
5807,2,0
5808,2,0
5809,2,0
5810,2,0
5811,2,0
5812,2,0
5813,2,0
5814,2,0
5815,2,0
5816,2,0
5817,2,0
5818,2,0
5819,2,0
5820,2,0
5821,2,0
5822,2,0
5823,2,0
5824,2,0
5825,2,0
5826,2,0
5827,2,0
5828,2,0
5829,2,0
5830,2,0
5831,2,0
5832,2,0
5833,2,0
5834,2,0
5835,2,0
5836,2,0
5837,2,0
5838,2,0
5839,2,0
5840,2,0
5841,2,0
5842,2,0
5843,2,0
5844,2,0
5845,2,0
5846,2,0
5847,2,0
5848,2,0
5849,2,0
5850,2,0
5851,2,0
5852,2,0
5853,2,0
5854,2,0
5855,2,0
5856,2,0
5857,2,0
5858,2,0
5859,2,0
5860,2,0
5861,2,0
5862,2,0
5863,2,0
5864,2,0
5865,2,0
5866,2,0
5867,2,0
5868,2,0
5869,2,0
5870,2,0
5871,2,0
5872,2,0
5873,2,0
5874,2,0
5875,2,0
5876,2,0
5877,2,0
5878,2,0
5879,2,0
5880,2,0
5881,2,0
5882,2,0
5883,2,0
5884,2,0
5885,2,0
5886,2,0
5887,2,0
5888,2,0
5889,2,0
5890,2,0
5891,2,0
5892,2,0
5893,2,0
5894,2,0
5895,2,0
5896,2,0
5897,2,0
5898,2,0
5899,2,0
5900,2,0
5901,2,0
5902,2,0
5903,2,0
5904,2,0
5905,2,0
5906,2,0
5907,2,0
5908,2,0
5909,2,0
5910,2,0
5911,2,0
5912,2,0
5913,2,0
5914,2,0
5915,2,0
5916,2,0
5917,2,0
5918,2,0
5919,2,0
5920,2,0
5921,2,0
5922,2,0
5923,2,0
5924,2,0
5925,2,0
5926,2,0
5927,2,0
5928,2,0
5929,2,0
5930,2,0
5931,2,0
5932,2,0
5933,2,0
5934,2,0
5935,2,0
5936,2,0
5937,2,0
5938,2,0
5939,2,0
5940,2,0
5941,2,0
5942,2,0
5943,2,0
5944,2,0
5945,2,0
5946,2,0
5947,2,0
5948,2,0
5949,2,0
5950,2,0
5951,2,0
5952,2,0
5953,2,0
5954,2,0
5955,2,0
5956,2,0
5957,2,0
5958,2,0
5959,2,0
5960,2,0
5961,2,0
5962,2,0
5963,2,0
5964,2,0
5965,2,0
5966,2,0
5967,2,0
5968,2,0
5969,2,0
5970,2,0
5971,2,0
5972,2,0
5973,2,0
5974,2,0
5975,2,0
5976,2,0
5977,2,0
5978,2,0
5979,2,0
5980,2,0
5981,2,0
5982,2,0
5983,2,0
5984,2,0
5985,2,0
5986,2,0
5987,2,0
5988,2,0
5989,2,0
5990,2,0
5991,2,0
5992,2,0
5993,2,0
5994,2,0
5995,2,0
5996,2,0
5997,2,0
5998,2,0
5999,2,0
6000,2,0
6001,2,0
6002,2,0
6003,2,0
6004,2,0
6005,2,0
6006,2,0
6007,2,0
6008,2,0
6009,2,0
6010,2,0
6011,2,0
6012,2,0
6013,2,0
6014,2,0
6015,2,0
6016,2,0
6017,2,0
6018,2,0
6019,2,0
6020,2,0
6021,2,0
6022,2,0
6023,2,0
6024,2,0
6025,2,0
6026,2,0
6027,2,0
6028,2,0
6029,2,0
6030,2,0
6031,2,0
6032,2,0
6033,2,0
6034,2,0
6035,2,0
6036,2,0
6037,2,0
6038,2,0
6039,2,0
6040,2,0
6041,2,0
6042,2,0
6043,2,0
6044,2,0
6045,2,0
6046,2,0
6047,2,0
6048,2,0
6049,2,0
6050,2,0
6051,2,0
6052,2,0
6053,2,0
6054,2,0
6055,2,0
6056,2,0
6057,2,0
6058,2,0
6059,2,0
6060,2,0
6061,2,0
6062,2,0
6063,2,0
6064,2,0
6065,2,0
6066,2,0
6067,2,0
6068,2,0
6069,2,0
6070,2,0
6071,2,0
6072,2,0
6073,2,0
6074,2,0
6075,2,0
6076,2,0
6077,2,0
6078,2,0
6079,2,0
6080,2,0
6081,2,0
6082,2,0
6083,2,0
6084,2,0
6085,2,0
6086,2,0
6087,2,0
6088,2,0
6089,2,0
6090,2,0
6091,2,0
6092,2,0
6093,2,0
6094,2,0
6095,2,0
6096,2,0
6097,2,0
6098,2,0
6099,2,0
6100,2,0
6101,2,0
6102,2,0
6103,2,0
6104,2,0
6105,2,0
6106,2,0
6107,2,0
6108,2,0
6109,2,0
6110,2,0
6111,2,0
6112,2,0
6113,2,0
6114,2,0
6115,2,0
6116,2,0
6117,2,0
6118,2,0
6119,2,0
6120,2,0
6121,2,0
6122,2,0
6123,2,0
6124,2,0
6125,2,0
6126,2,0
6127,2,0
6128,2,0
6129,2,0
6130,2,0
6131,2,0
6132,2,0
6133,2,0
6134,2,0
6135,2,0
6136,2,0
6137,2,0
6138,2,0
6139,2,0
6140,2,0
6141,2,0
6142,2,0
6143,2,0
6144,2,0
6145,2,0
6146,2,0
6147,2,0
6148,2,0
6149,2,0
6150,2,0
6151,2,0
6152,2,0
6153,2,0
6154,2,0
6155,2,0
6156,2,0
6157,2,0
6158,2,0
6159,2,0
6160,2,0
6161,2,0
6162,2,0
6163,2,0
6164,2,0
6165,2,0
6166,2,0
6167,2,0
6168,2,0
6169,2,0
6170,2,0
6171,2,0
6172,2,0
6173,2,0
6174,2,0
6175,2,0
6176,2,0
6177,2,0
6178,2,0
6179,2,0
6180,2,0
6181,2,0
6182,2,0
6183,2,0
6184,2,0
6185,2,0
6186,2,0
6187,2,0
6188,2,0
6189,2,0
6190,2,0
6191,2,0
6192,2,0
6193,2,0
6194,2,0
6195,2,0
6196,2,0
6197,2,0
6198,2,0
6199,2,0
6200,2,0
6201,2,0
6202,2,0
6203,2,0
6204,2,0
6205,2,0
6206,2,0
6207,2,0
6208,2,0
6209,2,0
6210,2,0
6211,2,0
6212,2,0
6213,2,0
6214,2,0
6215,2,0
6216,2,0
6217,2,0
6218,2,0
6219,2,0
6220,2,0
6221,2,0
6222,2,0
6223,2,0
6224,2,0
6225,2,0
6226,2,0
6227,2,0
6228,2,0
6229,2,0
6230,2,0
6231,2,0
6232,2,0
6233,2,0
6234,2,0
6235,2,0
6236,2,0
6237,2,0
6238,2,0
6239,2,0
6240,2,0
6241,2,0
6242,2,0
6243,2,0
6244,2,0
6245,2,0
6246,2,0
6247,2,0
6248,2,0
6249,2,0
6250,2,0
6251,2,0
6252,2,0
6253,2,0
6254,2,0
6255,2,0
6256,2,0
6257,2,0
6258,2,0
6259,2,0
6260,2,0
6261,2,0
6262,2,0
6263,2,0
6264,2,0
6265,2,0
6266,2,0
6267,2,0
6268,2,0
6269,2,0
6270,2,0
6271,2,0
6272,2,0
6273,2,0
6274,2,0
6275,2,0
6276,2,0
6277,2,0
6278,2,0
6279,2,0
6280,2,0
6281,2,0
6282,2,0
6283,2,0
6284,2,0
6285,2,0
6286,2,0
6287,2,0
6288,2,0
6289,2,0
6290,2,0
6291,2,0
6292,2,0
6293,2,0
6294,2,0
6295,2,0
6296,2,0
6297,2,0
6298,2,0
6299,2,0
6300,2,0
6301,2,0
6302,2,0
6303,2,0
6304,2,0
6305,2,0
6306,2,0
6307,2,0
6308,2,0
6309,2,0
6310,2,0
6311,2,0
6312,2,0
6313,2,0
6314,2,0
6315,2,0
6316,2,0
6317,2,0
6318,2,0
6319,2,0
6320,2,0
6321,2,0
6322,2,0
6323,2,0
6324,2,0
6325,2,0
6326,2,0
6327,2,0
6328,2,0
6329,2,0
6330,2,0
6331,2,0
6332,2,0
6333,2,0
6334,2,0
6335,2,0
6336,2,0
6337,2,0
6338,2,0
6339,2,0
6340,2,0
6341,2,0
6342,2,0
6343,2,0
6344,2,0
6345,2,0
6346,2,0
6347,2,0
6348,2,0
6349,2,0
6350,2,0
6351,2,0
6352,2,0
6353,2,0
6354,2,0
6355,2,0
6356,2,0
6357,2,0
6358,2,0
6359,2,0
6360,2,0
6361,2,0
6362,2,0
6363,2,0
6364,2,0
6365,2,0
6366,2,0
6367,2,0
6368,2,0
6369,2,0
6370,2,0
6371,2,0
6372,2,0
6373,2,0
6374,2,0
6375,2,0
6376,2,0
6377,2,0
6378,2,0
6379,2,0
6380,2,0
6381,2,0
6382,2,0
6383,2,0
6384,2,0
6385,2,0
6386,2,0
6387,2,0
6388,2,0
6389,2,0
6390,2,0
6391,2,0
6392,2,0
6393,2,0
6394,2,0
6395,2,0
6396,2,0
6397,2,0
6398,2,0
6399,2,0
6400,2,0
6401,2,0
6402,2,0
6403,2,0
6404,2,0
6405,2,0
6406,2,0
6407,2,0
6408,2,0
6409,2,0
6410,2,0
6411,2,0
6412,2,0
6413,2,0
6414,2,0
6415,2,0
6416,2,0
6417,2,0
6418,2,0
6419,2,0
6420,2,0
6421,2,0
6422,2,0
6423,2,0
6424,2,0
6425,2,0
6426,2,0
6427,2,0
6428,2,0
6429,2,0
6430,2,0
6431,2,0
6432,2,0
6433,2,0
6434,2,0
6435,2,0
6436,2,0
6437,2,0
6438,2,0
6439,2,0
6440,2,0
6441,2,0
6442,2,0
6443,2,0
6444,2,0
6445,2,0
6446,2,0
6447,2,0
6448,2,0
6449,2,0
6450,2,0
6451,2,0
6452,2,0
6453,2,0
6454,2,0
6455,2,0
6456,2,0
6457,2,0
6458,2,0
6459,2,0
6460,2,0
6461,2,0
6462,2,0
6463,2,0
6464,2,0
6465,2,0
6466,2,0
6467,2,0
6468,2,0
6469,2,0
6470,2,0
6471,2,0
6472,2,0
6473,2,0
6474,2,0
6475,2,0
6476,2,0
6477,2,0
6478,2,0
6479,2,0
6480,2,0
6481,2,0
6482,2,0
6483,2,0
6484,2,0
6485,2,0
6486,2,0
6487,2,0
6488,2,0
6489,2,0
6490,2,0
6491,2,0
6492,2,0
6493,2,0
6494,2,0
6495,2,0
6496,2,0
6497,2,0
6498,2,0
6499,2,0
6500,2,0
6501,2,0
6502,2,0
6503,2,0
6504,2,0
6505,2,0
6506,2,0
6507,2,0
6508,2,0
6509,2,0
6510,2,0
6511,2,0
6512,2,0
6513,2,0
6514,2,0
6515,2,0
6516,2,0
6517,2,0
6518,2,0
6519,2,0
6520,2,0
6521,2,0
6522,2,0
6523,2,0
6524,2,0
6525,2,0
6526,2,0
6527,2,0
6528,2,0
6529,2,0
6530,2,0
6531,2,0
6532,2,0
6533,2,0
6534,2,0
6535,2,0
6536,2,0
6537,2,0
6538,2,0
6539,2,0
6540,2,0
6541,2,0
6542,2,0
6543,2,0
6544,2,0
6545,2,0
6546,2,0
6547,2,0
6548,2,0
6549,2,0
6550,2,0
6551,2,0
6552,2,0
6553,2,0
6554,2,0
6555,2,0
6556,2,0
6557,2,0
6558,2,0
6559,2,0
6560,2,0
6561,2,0
6562,2,0
6563,2,0
6564,2,0
6565,2,0
6566,2,0
6567,2,0
6568,2,0
6569,2,0
6570,2,0
6571,2,0
6572,2,0
6573,2,0
6574,2,0
6575,2,0
6576,2,0
6577,2,0
6578,2,0
6579,2,0
6580,2,0
6581,2,0
6582,2,0
6583,2,0
6584,2,0
6585,2,0
6586,2,0
6587,2,0
6588,2,0
6589,2,0
6590,2,0
6591,2,0
6592,2,0
6593,2,0
6594,2,0
6595,2,0
6596,2,0
6597,2,0
6598,2,0
6599,2,0
6600,2,0
6601,2,0
6602,2,0
6603,2,0
6604,2,0
6605,2,0
6606,2,0
6607,2,0
6608,2,0
6609,2,0
6610,2,0
6611,2,0
6612,2,0
6613,2,0
6614,2,0
6615,2,0
6616,2,0
6617,2,0
6618,2,0
6619,2,0
6620,2,0
6621,2,0
6622,2,0
6623,2,0
6624,2,0
6625,2,0
6626,2,0
6627,2,0
6628,2,0
6629,2,0
6630,2,0
6631,2,0
6632,2,0
6633,2,0
6634,2,0
6635,2,0
6636,2,0
6637,2,0
6638,2,0
6639,2,0
6640,2,0
6641,2,0
6642,2,0
6643,2,0
6644,2,0
6645,2,0
6646,2,0
6647,2,0
6648,2,0
6649,2,0
6650,2,0
6651,2,0
6652,2,0
6653,2,0
6654,2,0
6655,2,0
6656,2,0
6657,2,0
6658,2,0
6659,2,0
6660,2,0
6661,2,0
6662,2,0
6663,2,0
6664,2,0
6665,2,0
6666,2,0
6667,2,0
6668,2,0
6669,2,0
6670,2,0
6671,2,0
6672,2,0
6673,2,0
6674,2,0
6675,2,0
6676,2,0
6677,2,0
6678,2,0
6679,2,0
6680,2,0
6681,2,0
6682,2,0
6683,2,0
6684,2,0
6685,2,0
6686,2,0
6687,2,0
6688,2,0
6689,2,0
6690,2,0
6691,2,0
6692,2,0
6693,2,0
6694,2,0
6695,2,0
6696,2,0
6697,2,0
6698,2,0
6699,2,0
6700,2,0
6701,2,0
6702,2,0
6703,2,0
6704,2,0
6705,2,0
6706,2,0
6707,2,0
6708,2,0
6709,2,0
6710,2,0
6711,2,0
6712,2,0
6713,2,0
6714,2,0
6715,2,0
6716,2,0
6717,2,0
6718,2,0
6719,2,0
6720,2,0
6721,2,0
6722,2,0
6723,2,0
6724,2,0
6725,2,0
6726,2,0
6727,2,0
6728,2,0
6729,2,0
6730,2,0
6731,2,0
6732,2,0
6733,2,0
6734,2,0
6735,2,0
6736,2,0
6737,2,0
6738,2,0
6739,2,0
6740,2,0
6741,2,0
6742,2,0
6743,2,0
6744,2,0
6745,2,0
6746,2,0
6747,2,0
6748,2,0
6749,2,0
6750,2,0
6751,2,0
6752,2,0
6753,2,0
6754,2,0
6755,2,0
6756,2,0
6757,2,0
6758,2,0
6759,2,0
6760,2,0
6761,2,0
6762,2,0
6763,2,0
6764,2,0
6765,2,0
6766,2,0
6767,2,0
6768,2,0
6769,2,0
6770,2,0
6771,2,0
6772,2,0
6773,2,0
6774,2,0
6775,2,0
6776,2,0
6777,2,0
6778,2,0
6779,2,0
6780,2,0
6781,2,0
6782,2,0
6783,2,0
6784,2,0
6785,2,0
6786,2,0
6787,2,0
6788,2,0
6789,2,0
6790,2,0
6791,2,0
6792,2,0
6793,2,0
6794,2,0
6795,2,0
6796,2,0
6797,2,0
6798,2,0
6799,2,0
6800,2,0
6801,2,0
6802,2,0
6803,2,0
6804,2,0
6805,2,0
6806,2,0
6807,2,0
6808,2,0
6809,2,0
6810,2,0
6811,2,0
6812,2,0
6813,2,0
6814,2,0
6815,2,0
6816,2,0
6817,2,0
6818,2,0
6819,2,0
6820,2,0
6821,2,0
6822,2,0
6823,2,0
6824,2,0
6825,2,0
6826,2,0
6827,2,0
6828,2,0
6829,2,0
6830,2,0
6831,2,0
6832,2,0
6833,2,0
6834,2,0
6835,2,0
6836,2,0
6837,2,0
6838,2,0
6839,2,0
6840,2,0
6841,2,0
6842,2,0
6843,2,0
6844,2,0
6845,2,0
6846,2,0
6847,2,0
6848,2,0
6849,2,0
6850,2,0
6851,2,0
6852,2,0
6853,2,0
6854,2,0
6855,2,0
6856,2,0
6857,2,0
6858,2,0
6859,2,0
6860,2,0
6861,2,0
6862,2,0
6863,2,0
6864,2,0
6865,2,0
6866,2,0
6867,2,0
6868,2,0
6869,2,0
6870,2,0
6871,2,0
6872,2,0
6873,2,0
6874,2,0
6875,2,0
6876,2,0
6877,2,0
6878,2,0
6879,2,0
6880,2,0
6881,2,0
6882,2,0
6883,2,0
6884,2,0
6885,2,0
6886,2,0
6887,2,0
6888,2,0
6889,2,0
6890,2,0
6891,2,0
6892,2,0
6893,2,0
6894,2,0
6895,2,0
6896,2,0
6897,2,0
6898,2,0
6899,2,0
6900,2,0
6901,2,0
6902,2,0
6903,2,0
6904,2,0
6905,2,0
6906,2,0
6907,2,0
6908,2,0
6909,2,0
6910,2,0
6911,2,0
6912,2,0
6913,2,0
6914,2,0
6915,2,0
6916,2,0
6917,2,0
6918,2,0
6919,2,0
6920,2,0
6921,2,0
6922,2,0
6923,2,0
6924,2,0
6925,2,0
6926,2,0
6927,2,0
6928,2,0
6929,2,0
6930,2,0
6931,2,0
6932,2,0
6933,2,0
6934,2,0
6935,2,0
6936,2,0
6937,2,0
6938,2,0
6939,2,0
6940,2,0
6941,2,0
6942,2,0
6943,2,0
6944,2,0
6945,2,0
6946,2,0
6947,2,0
6948,2,0
6949,2,0
6950,2,0
6951,2,0
6952,2,0
6953,2,0
6954,2,0
6955,2,0
6956,2,0
6957,2,0
6958,2,0
6959,2,0
6960,2,0
6961,2,0
6962,2,0
6963,2,0
6964,2,0
6965,2,0
6966,2,0
6967,2,0
6968,2,0
6969,2,0
6970,2,0
6971,2,0
6972,2,0
6973,2,0
6974,2,0
6975,2,0
6976,2,0
6977,2,0
6978,2,0
6979,2,0
6980,2,0
6981,2,0
6982,2,0
6983,2,0
6984,2,0
6985,2,0
6986,2,0
6987,2,0
6988,2,0
6989,2,0
6990,2,0
6991,2,0
6992,2,0
6993,2,0
6994,2,0
6995,2,0
6996,2,0
6997,2,0
6998,2,0
6999,2,0
7000,2,0
7001,2,0
7002,2,0
7003,2,0
7004,2,0
7005,2,0
7006,2,0
7007,2,0
7008,2,0
7009,2,0
7010,2,0
7011,2,0
7012,2,0
7013,2,0
7014,2,0
7015,2,0
7016,2,0
7017,2,0
7018,2,0
7019,2,0
7020,2,0
7021,2,0
7022,2,0
7023,2,0
7024,2,0
7025,2,0
7026,2,0
7027,2,0
7028,2,0
7029,2,0
7030,2,0
7031,2,0
7032,2,0
7033,2,0
7034,2,0
7035,2,0
7036,2,0
7037,2,0
7038,2,0
7039,2,0
7040,2,0
7041,2,0
7042,2,0
7043,2,0
7044,2,0
7045,2,0
7046,2,0
7047,2,0
7048,2,0
7049,2,0
7050,2,0
7051,2,0
7052,2,0
7053,2,0
7054,2,0
7055,2,0
7056,2,0
7057,2,0
7058,2,0
7059,2,0
7060,2,0
7061,2,0
7062,2,0
7063,2,0
7064,2,0
7065,2,0
7066,2,0
7067,2,0
7068,2,0
7069,2,0
7070,2,0
7071,2,0
7072,2,0
7073,2,0
7074,2,0
7075,2,0
7076,2,0
7077,2,0
7078,2,0
7079,2,0
7080,2,0
7081,2,0
7082,2,0
7083,2,0
7084,2,0
7085,2,0
7086,2,0
7087,2,0
7088,2,0
7089,2,0
7090,2,0
7091,2,0
7092,2,0
7093,2,0
7094,2,0
7095,2,0
7096,2,0
7097,2,0
7098,2,0
7099,2,0
7100,2,0
7101,2,0
7102,2,0
7103,2,0
7104,2,0
7105,2,0
7106,2,0
7107,2,0
7108,2,0
7109,2,0
7110,2,0
7111,2,0
7112,2,0
7113,2,0
7114,2,0
7115,2,0
7116,2,0
7117,2,0
7118,2,0
7119,2,0
7120,2,0
7121,2,0
7122,2,0
7123,2,0
7124,2,0
7125,2,0
7126,2,0
7127,2,0
7128,2,0
7129,2,0
7130,2,0
7131,2,0
7132,2,0
7133,2,0
7134,2,0
7135,2,0
7136,2,0
7137,2,0
7138,2,0
7139,2,0
7140,2,0
7141,2,0
7142,2,0
7143,2,0
7144,2,0
7145,2,0
7146,2,0
7147,2,0
7148,2,0
7149,2,0
7150,2,0
7151,2,0
7152,2,0
7153,2,0
7154,2,0
7155,2,0
7156,2,0
7157,2,0
7158,2,0
7159,2,0
7160,2,0
7161,2,0
7162,2,0
7163,2,0
7164,2,0
7165,2,0
7166,2,0
7167,2,0
7168,2,0
7169,2,0
7170,2,0
7171,2,0
7172,2,0
7173,2,0
7174,2,0
7175,2,0
7176,2,0
7177,2,0
7178,2,0
7179,2,0
7180,2,0
7181,2,0
7182,2,0
7183,2,0
7184,2,0
7185,2,0
7186,2,0
7187,2,0
7188,2,0
7189,2,0
7190,2,0
7191,2,0
7192,2,0
7193,2,0
7194,2,0
7195,2,0
7196,2,0
7197,2,0
7198,2,0
7199,2,0
7200,2,0
7201,2,0
7202,2,0
7203,2,0
7204,2,0
7205,2,0
7206,2,0
7207,2,0
7208,2,0
7209,2,0
7210,2,0
7211,2,0
7212,2,0
7213,2,0
7214,2,0
7215,2,0
7216,2,0
7217,2,0
7218,2,0
7219,2,0
7220,2,0
7221,2,0
7222,2,0
7223,2,0
7224,2,0
7225,2,0
7226,2,0
7227,2,0
7228,2,0
7229,2,0
7230,2,0
7231,2,0
7232,2,0
7233,2,0
7234,2,0
7235,2,0
7236,2,0
7237,2,0
7238,2,0
7239,2,0
7240,2,0
7241,2,0
7242,2,0
7243,2,0
7244,2,0
7245,2,0
7246,2,0
7247,2,0
7248,2,0
7249,2,0
7250,2,0
7251,2,0
7252,2,0
7253,2,0
7254,2,0
7255,2,0
7256,2,0
7257,2,0
7258,2,0
7259,2,0
7260,2,0
7261,2,0
7262,2,0
7263,2,0
7264,2,0
7265,2,0
7266,2,0
7267,2,0
7268,2,0
7269,2,0
7270,2,0
7271,2,0
7272,2,0
7273,2,0
7274,2,0
7275,2,0
7276,2,0
7277,2,0
7278,2,0
7279,2,0
7280,2,0
7281,2,0
7282,2,0
7283,2,0
7284,2,0
7285,2,0
7286,2,0
7287,2,0
7288,2,0
7289,2,0
7290,2,0
7291,2,0
7292,2,0
7293,2,0
7294,2,0
7295,2,0
7296,2,0
7297,2,0
7298,2,0
7299,2,0
7300,2,0
7301,2,0
7302,2,0
7303,2,0
7304,2,0
7305,2,0
7306,2,0
7307,2,0
7308,2,0
7309,2,0
7310,2,0
7311,2,0
7312,2,0
7313,2,0
7314,2,0
7315,2,0
7316,2,0
7317,2,0
7318,2,0
7319,2,0
7320,2,0
7321,2,0
7322,2,0
7323,2,0
7324,2,0
7325,2,0
7326,2,0
7327,2,0
7328,2,0
7329,2,0
7330,2,0
7331,2,0
7332,2,0
7333,2,0
7334,2,0
7335,2,0
7336,2,0
7337,2,0
7338,2,0
7339,2,0
7340,2,0
7341,2,0
7342,2,0
7343,2,0
7344,2,0
7345,2,0
7346,2,0
7347,2,0
7348,2,0
7349,2,0
7350,2,0
7351,2,0
7352,2,0
7353,2,0
7354,2,0
7355,2,0
7356,2,0
7357,2,0
7358,2,0
7359,2,0
7360,2,0
7361,2,0
7362,2,0
7363,2,0
7364,2,0
7365,2,0
7366,2,0
7367,2,0
7368,2,0
7369,2,0
7370,2,0
7371,2,0
7372,2,0
7373,2,0
7374,2,0
7375,2,0
7376,2,0
7377,2,0
7378,2,0
7379,2,0
7380,2,0
7381,2,0
7382,2,0
7383,2,0
7384,2,0
7385,2,0
7386,2,0
7387,2,0
7388,2,0
7389,2,0
7390,2,0
7391,2,0
7392,2,0
7393,2,0
7394,2,0
7395,2,0
7396,2,0
7397,2,0
7398,2,0
7399,2,0
7400,2,0
7401,2,0
7402,2,0
7403,2,0
7404,2,0
7405,2,0
7406,2,0
7407,2,0
7408,2,0
7409,2,0
7410,2,0
7411,2,0
7412,2,0
7413,2,0
7414,2,0
7415,2,0
7416,2,0
7417,2,0
7418,2,0
7419,2,0
7420,2,0
7421,2,0
7422,2,0
7423,2,0
7424,2,0
7425,2,0
7426,2,0
7427,2,0
7428,2,0
7429,2,0
7430,2,0
7431,2,0
7432,2,0
7433,2,0
7434,2,0
7435,2,0
7436,2,0
7437,2,0
7438,2,0
7439,2,0
7440,2,0
7441,2,0
7442,2,0
7443,2,0
7444,2,0
7445,2,0
7446,2,0
7447,2,0
7448,2,0
7449,2,0
7450,2,0
7451,2,0
7452,2,0
7453,2,0
7454,2,0
7455,2,0
7456,2,0
7457,2,0
7458,2,0
7459,2,0
7460,2,0
7461,2,0
7462,2,0
7463,2,0
7464,2,0
7465,2,0
7466,2,0
7467,2,0
7468,2,0
7469,2,0
7470,2,0
7471,2,0
7472,2,0
7473,2,0
7474,2,0
7475,2,0
7476,2,0
7477,2,0
7478,2,0
7479,2,0
7480,2,0
7481,2,0
7482,2,0
7483,2,0
7484,2,0
7485,2,0
7486,2,0
7487,2,0
7488,2,0
7489,2,0
7490,2,0
7491,2,0
7492,2,0
7493,2,0
7494,2,0
7495,2,0
7496,2,0
7497,2,0
7498,2,0
7499,2,0
7500,2,0
7501,2,0
7502,2,0
7503,2,0
7504,2,0
7505,2,0
7506,2,0
7507,2,0
7508,2,0
7509,2,0
7510,2,0
7511,2,0
7512,2,0
7513,2,0
7514,2,0
7515,2,0
7516,2,0
7517,2,0
7518,2,0
7519,2,0
7520,2,0
7521,2,0
7522,2,0
7523,2,0
7524,2,0
7525,2,0
7526,2,0
7527,2,0
7528,2,0
7529,2,0
7530,2,0
7531,2,0
7532,2,0
7533,2,0
7534,2,0
7535,2,0
7536,2,0
7537,2,0
7538,2,0
7539,2,0
7540,2,0
7541,2,0
7542,2,0
7543,2,0
7544,2,0
7545,2,0
7546,2,0
7547,2,0
7548,2,0
7549,2,0
7550,2,0
7551,2,0
7552,2,0
7553,2,0
7554,2,0
7555,2,0
7556,2,0
7557,2,0
7558,2,0
7559,2,0
7560,2,0
7561,2,0
7562,2,0
7563,2,0
7564,2,0
7565,2,0
7566,2,0
7567,2,0
7568,2,0
7569,2,0
7570,2,0
7571,2,0
7572,2,0
7573,2,0
7574,2,0
7575,2,0
7576,2,0
7577,2,0
7578,2,0
7579,2,0
7580,2,0
7581,2,0
7582,2,0
7583,2,0
7584,2,0
7585,2,0
7586,2,0
7587,2,0
7588,2,0
7589,2,0
7590,2,0
7591,2,0
7592,2,0
7593,2,0
7594,2,0
7595,2,0
7596,2,0
7597,2,0
7598,2,0
7599,2,0
7600,2,0
7601,2,0
7602,2,0
7603,2,0
7604,2,0
7605,2,0
7606,2,0
7607,2,0
7608,2,0
7609,2,0
7610,2,0
7611,2,0
7612,2,0
7613,2,0
7614,2,0
7615,2,0
7616,2,0
7617,2,0
7618,2,0
7619,2,0
7620,2,0
7621,2,0
7622,2,0
7623,2,0
7624,2,0
7625,2,0
7626,2,0
7627,2,0
7628,2,0
7629,2,0
7630,2,0
7631,2,0
7632,2,0
7633,2,0
7634,2,0
7635,2,0
7636,2,0
7637,2,0
7638,2,0
7639,2,0
7640,2,0
7641,2,0
7642,2,0
7643,2,0
7644,2,0
7645,2,0
7646,2,0
7647,2,0
7648,2,0
7649,2,0
7650,2,0
7651,2,0
7652,2,0
7653,2,0
7654,2,0
7655,2,0
7656,2,0
7657,2,0
7658,2,0
7659,2,0
7660,2,0
7661,2,0
7662,2,0
7663,2,0
7664,2,0
7665,2,0
7666,2,0
7667,2,0
7668,2,0
7669,2,0
7670,2,0
7671,2,0
7672,2,0
7673,2,0
7674,2,0
7675,2,0
7676,2,0
7677,2,0
7678,2,0
7679,2,0
7680,2,0
7681,2,0
7682,2,0
7683,2,0
7684,2,0
7685,2,0
7686,2,0
7687,2,0
7688,2,0
7689,2,0
7690,2,0
7691,2,0
7692,2,0
7693,2,0
7694,2,0
7695,2,0
7696,2,0
7697,2,0
7698,2,0
7699,2,0
7700,2,0
7701,2,0
7702,2,0
7703,2,0
7704,2,0
7705,2,0
7706,2,0
7707,2,0
7708,2,0
7709,2,0
7710,2,0
7711,2,0
7712,2,0
7713,2,0
7714,2,0
7715,2,0
7716,2,0
7717,2,0
7718,2,0
7719,2,0
7720,2,0
7721,2,0
7722,2,0
7723,2,0
7724,2,0
7725,2,0
7726,2,0
7727,2,0
7728,2,0
7729,2,0
7730,2,0
7731,2,0
7732,2,0
7733,2,0
7734,2,0
7735,2,0
7736,2,0
7737,2,0
7738,2,0
7739,2,0
7740,2,0
7741,2,0
7742,2,0
7743,2,0
7744,2,0
7745,2,0
7746,2,0
7747,2,0
7748,2,0
7749,2,0
7750,2,0
7751,2,0
7752,2,0
7753,2,0
7754,2,0
7755,2,0
7756,2,0
7757,2,0
7758,2,0
7759,2,0
7760,2,0
7761,2,0
7762,2,0
7763,2,0
7764,2,0
7765,2,0
7766,2,0
7767,2,0
7768,2,0
7769,2,0
7770,2,0
7771,2,0
7772,2,0
7773,2,0
7774,2,0
7775,2,0
7776,2,0
7777,2,0
7778,2,0
7779,2,0
7780,2,0
7781,2,0
7782,2,0
7783,2,0
7784,2,0
7785,2,0
7786,2,0
7787,2,0
7788,2,0
7789,2,0
7790,2,0
7791,2,0
7792,2,0
7793,2,0
7794,2,0
7795,2,0
7796,2,0
7797,2,0
7798,2,0
7799,2,0
7800,2,0
7801,2,0
7802,2,0
7803,2,0
7804,2,0
7805,2,0
7806,2,0
7807,2,0
7808,2,0
7809,2,0
7810,2,0
7811,2,0
7812,2,0
7813,2,0
7814,2,0
7815,2,0
7816,2,0
7817,2,0
7818,2,0
7819,2,0
7820,2,0
7821,2,0
7822,2,0
7823,2,0
7824,2,0
7825,2,0
7826,2,0
7827,2,0
7828,2,0
7829,2,0
7830,2,0
7831,2,0
7832,2,0
7833,2,0
7834,2,0
7835,2,0
7836,2,0
7837,2,0
7838,2,0
7839,2,0
7840,2,0
7841,2,0
7842,2,0
7843,2,0
7844,2,0
7845,2,0
7846,2,0
7847,2,0
7848,2,0
7849,2,0
7850,2,0
7851,2,0
7852,2,0
7853,2,0
7854,2,0
7855,2,0
7856,2,0
7857,2,0
7858,2,0
7859,2,0
7860,2,0
7861,2,0
7862,2,0
7863,2,0
7864,2,0
7865,2,0
7866,2,0
7867,2,0
7868,2,0
7869,2,0
7870,2,0
7871,2,0
7872,2,0
7873,2,0
7874,2,0
7875,2,0
7876,2,0
7877,2,0
7878,2,0
7879,2,0
7880,2,0
7881,2,0
7882,2,0
7883,2,0
7884,2,0
7885,2,0
7886,2,0
7887,2,0
7888,2,0
7889,2,0
7890,2,0
7891,2,0
7892,2,0
7893,2,0
7894,2,0
7895,2,0
7896,2,0
7897,2,0
7898,2,0
7899,2,0
7900,2,0
7901,2,0
7902,2,0
7903,2,0
7904,2,0
7905,2,0
7906,2,0
7907,2,0
7908,2,0
7909,2,0
7910,2,0
7911,2,0
7912,2,0
7913,2,0
7914,2,0
7915,2,0
7916,2,0
7917,2,0
7918,2,0
7919,2,0
7920,2,0
7921,2,0
7922,2,0
7923,2,0
7924,2,0
7925,2,0
7926,2,0
7927,2,0
7928,2,0
7929,2,0
7930,2,0
7931,2,0
7932,2,0
7933,2,0
7934,2,0
7935,2,0
7936,2,0
7937,2,0
7938,2,0
7939,2,0
7940,2,0
7941,2,0
7942,2,0
7943,2,0
7944,2,0
7945,2,0
7946,2,0
7947,2,0
7948,2,0
7949,2,0
7950,2,0
7951,2,0
7952,2,0
7953,2,0
7954,2,0
7955,2,0
7956,2,0
7957,2,0
7958,2,0
7959,2,0
7960,2,0
7961,2,0
7962,2,0
7963,2,0
7964,2,0
7965,2,0
7966,2,0
7967,2,0
7968,2,0
7969,2,0
7970,2,0
7971,2,0
7972,2,0
7973,2,0
7974,2,0
7975,2,0
7976,2,0
7977,2,0
7978,2,0
7979,2,0
7980,2,0
7981,2,0
7982,2,0
7983,2,0
7984,2,0
7985,2,0
7986,2,0
7987,2,0
7988,2,0
7989,2,0
7990,2,0
7991,2,0
7992,2,0
7993,2,0
7994,2,0
7995,2,0
7996,2,0
7997,2,0
7998,2,0
7999,2,0
